# The woods are lovely, dark and deep
# But I have promises to keep
# Size: 1000 And miles to go before I sleep
# And miles to go before I sleep
1 41
1 277
1 669
1 967
2 4
2 130
2 255
2 410
3 144
3 197
3 309
3 470
4 69
4 114
4 232
4 369
5 560
5 635
5 695
5 944
6 527
6 772
6 773
6 859
7 43
7 408
7 694
7 760
8 310
8 702
8 886
8 924
9 118
9 576
9 661
9 982
10 265
10 461
10 488
10 511
11 104
11 380
11 472
11 540
12 3
12 111
12 790
12 846
13 84
13 223
13 494
13 649
14 21
14 39
14 129
14 954
15 93
15 105
15 197
15 842
16 318
16 325
16 576
16 638
17 82
17 322
17 360
17 819
18 30
18 35
18 809
18 875
19 263
19 272
19 385
19 421
20 42
20 361
20 792
20 943
21 352
21 383
21 858
21 891
22 380
22 654
22 764
22 907
23 195
23 330
23 450
23 997
24 134
24 205
24 572
24 859
25 275
25 511
25 550
25 947
26 37
26 435
26 466
26 817
27 164
27 196
27 288
27 568
28 23
28 363
28 680
28 871
29 308
29 347
29 391
29 699
30 22
30 338
30 521
30 910
31 228
31 396
31 707
31 735
32 707
32 719
32 805
32 891
33 69
33 538
33 785
33 970
34 49
34 248
34 736
34 861
35 179
35 519
35 875
35 902
36 53
36 508
36 704
36 966
37 505
37 518
37 735
37 866
38 25
38 323
38 490
38 656
39 322
39 362
39 826
39 988
40 9
40 127
40 652
40 940
41 48
41 701
41 839
41 948
42 538
42 808
42 825
42 834
43 14
43 15
43 342
43 870
44 253
44 610
44 853
44 876
45 579
45 728
45 744
45 958
46 500
46 638
46 856
46 961
47 184
47 494
47 886
47 946
48 180
48 501
48 778
48 868
49 352
49 372
49 450
49 886
50 138
50 320
50 759
50 798
51 15
51 491
51 514
51 997
52 194
52 242
52 435
52 748
53 207
53 218
53 444
53 789
54 3
54 239
54 387
54 889
55 55
55 365
55 491
55 867
56 313
56 575
56 769
56 802
57 301
57 472
57 653
57 721
58 103
58 160
58 259
58 676
59 152
59 198
59 279
59 599
60 111
60 254
60 557
60 662
61 109
61 647
61 823
61 908
62 153
62 281
62 501
62 855
63 367
63 375
63 452
63 695
64 53
64 127
64 871
64 965
65 137
65 279
65 595
65 975
66 7
66 18
66 143
66 172
67 164
67 573
67 775
67 804
68 313
68 439
68 839
68 965
69 10
69 115
69 692
69 862
70 253
70 530
70 577
70 767
71 256
71 521
71 633
71 645
72 66
72 311
72 367
72 675
73 160
73 282
73 293
73 882
74 264
74 478
74 513
74 700
75 196
75 330
75 440
75 762
76 260
76 398
76 472
76 728
77 182
77 229
77 861
77 872
78 498
78 536
78 906
78 953
79 223
79 415
79 426
79 748
80 52
80 257
80 419
80 886
81 383
81 639
81 832
81 868
82 295
82 380
82 656
82 857
83 53
83 229
83 494
83 872
84 253
84 689
84 847
84 853
85 14
85 146
85 204
85 869
86 89
86 301
86 392
86 504
87 80
87 390
87 735
87 754
88 38
88 86
88 620
88 674
89 434
89 716
89 784
89 995
90 168
90 316
90 634
90 758
91 18
91 198
91 220
91 498
92 27
92 154
92 224
92 266
93 503
93 551
93 923
93 978
94 49
94 131
94 669
94 828
95 61
95 71
95 487
95 626
96 132
96 271
96 556
96 899
97 147
97 557
97 596
97 735
98 47
98 106
98 618
98 783
99 336
99 709
99 803
99 864
100 175
100 630
100 678
100 719
101 60
101 137
101 390
101 753
102 244
102 322
102 902
102 975
103 275
103 333
103 381
103 927
104 58
104 328
104 667
104 944
105 99
105 248
105 716
105 888
106 479
106 501
106 599
106 900
107 301
107 766
107 796
107 913
108 553
108 645
108 835
108 978
109 75
109 602
109 637
109 912
110 168
110 413
110 418
110 773
111 510
111 567
111 654
111 840
112 139
112 187
112 312
112 417
113 244
113 319
113 331
113 529
114 105
114 151
114 713
114 914
115 214
115 450
115 525
115 945
116 130
116 143
116 386
116 666
117 68
117 741
117 796
117 943
118 21
118 230
118 780
118 957
119 294
119 365
119 548
119 818
120 98
120 590
120 734
120 947
121 257
121 358
121 506
121 860
122 115
122 459
122 499
122 757
123 83
123 110
123 602
123 865
124 273
124 503
124 630
124 633
125 481
125 611
125 767
125 908
126 28
126 186
126 317
126 742
127 48
127 258
127 282
127 711
128 378
128 540
128 856
128 857
129 216
129 278
129 324
129 569
130 211
130 319
130 728
130 891
131 270
131 489
131 517
131 808
132 136
132 541
132 711
132 754
133 287
133 305
133 535
133 570
134 14
134 202
134 300
134 433
135 18
135 138
135 757
135 915
136 268
136 334
136 538
136 601
137 676
137 680
137 841
137 926
138 10
138 345
138 519
138 561
139 66
139 147
139 236
139 327
140 78
140 115
140 185
140 863
141 3
141 318
141 724
141 827
142 265
142 358
142 698
142 791
143 174
143 223
143 389
143 690
144 191
144 463
144 669
144 901
145 407
145 554
145 834
145 966
146 3
146 743
146 863
146 944
147 128
147 217
147 232
147 790
148 24
148 203
148 556
148 760
149 390
149 644
149 904
149 961
150 168
150 172
150 256
150 519
151 65
151 103
151 682
151 693
152 101
152 176
152 282
152 533
153 113
153 509
153 573
153 829
154 176
154 799
154 813
154 969
155 345
155 350
155 427
155 533
156 266
156 289
156 305
156 718
157 68
157 225
157 262
157 430
158 3
158 67
158 276
158 398
159 115
159 251
159 503
159 569
160 403
160 597
160 760
160 837
161 64
161 707
161 830
161 986
162 12
162 125
162 199
162 553
163 127
163 285
163 489
163 744
164 293
164 363
164 540
164 582
165 551
165 595
165 649
165 897
166 163
166 332
166 433
166 505
167 251
167 340
167 704
167 746
168 103
168 363
168 367
168 631
169 43
169 134
169 209
169 731
170 71
170 238
170 378
170 629
171 46
171 764
171 806
171 828
172 191
172 431
172 524
172 696
173 164
173 720
173 935
173 998
174 308
174 375
174 674
174 756
175 544
175 739
175 753
175 920
176 309
176 376
176 409
176 754
177 71
177 437
177 482
177 760
178 129
178 258
178 380
178 713
179 30
179 241
179 356
179 896
180 370
180 584
180 763
180 905
181 341
181 638
181 946
181 975
182 117
182 192
182 473
182 795
183 146
183 486
183 663
183 978
184 73
184 237
184 619
184 970
185 52
185 107
185 291
185 927
186 393
186 403
186 758
186 909
187 277
187 390
187 705
187 892
188 31
188 79
188 341
188 686
189 34
189 49
189 226
189 816
190 23
190 77
190 261
190 269
191 413
191 506
191 685
191 834
192 238
192 273
192 396
192 428
193 183
193 553
193 785
193 811
194 96
194 299
194 856
194 896
195 526
195 759
195 867
195 989
196 86
196 93
196 322
196 399
197 412
197 510
197 743
197 996
198 105
198 556
198 849
198 861
199 88
199 543
199 567
199 712
200 38
200 43
200 149
200 849
201 151
201 409
201 493
201 829
202 4
202 56
202 532
202 929
203 4
203 65
203 148
203 416
204 224
204 516
204 620
204 860
205 285
205 710
205 761
205 945
206 142
206 477
206 857
206 960
207 47
207 250
207 633
207 657
208 126
208 950
208 959
208 984
209 482
209 572
209 803
209 873
210 154
210 212
210 271
210 798
211 54
211 718
211 726
211 834
212 140
212 450
212 487
212 912
213 310
213 338
213 363
213 842
214 117
214 191
214 520
214 664
215 36
215 236
215 641
215 806
216 169
216 220
216 644
216 896
217 282
217 342
217 855
217 997
218 42
218 73
218 245
218 339
219 149
219 163
219 470
219 836
220 223
220 504
220 669
220 822
221 426
221 567
221 640
221 947
222 267
222 271
222 852
222 868
223 217
223 275
223 801
223 867
224 10
224 548
224 633
224 889
225 367
225 408
225 420
225 785
226 268
226 488
226 736
226 799
227 251
227 308
227 721
227 917
228 296
228 405
228 406
228 803
229 239
229 286
229 597
229 766
230 2
230 219
230 419
230 882
231 80
231 146
231 243
231 858
232 214
232 355
232 607
232 907
233 80
233 90
233 346
233 401
234 323
234 600
234 722
234 917
235 174
235 446
235 454
235 747
236 220
236 279
236 688
236 695
237 241
237 743
237 866
237 881
238 34
238 448
238 651
238 811
239 604
239 691
239 760
239 985
240 242
240 566
240 688
240 732
241 47
241 283
241 364
241 585
242 176
242 204
242 253
242 590
243 7
243 15
243 460
243 587
244 15
244 222
244 235
244 993
245 160
245 422
245 492
245 958
246 256
246 334
246 464
246 471
247 132
247 736
247 816
247 940
248 141
248 285
248 286
248 775
249 285
249 429
249 783
249 950
250 366
250 565
250 831
250 862
251 272
251 402
251 545
251 947
252 415
252 574
252 746
252 784
253 170
253 793
253 808
253 889
254 194
254 530
254 609
254 864
255 657
255 774
255 911
255 993
256 94
256 291
256 384
256 989
257 170
257 195
257 467
257 578
258 166
258 219
258 281
258 428
259 78
259 161
259 666
259 688
260 478
260 605
260 748
260 915
261 69
261 351
261 462
261 831
262 147
262 656
262 838
262 885
263 153
263 191
263 251
263 650
264 56
264 643
264 647
264 752
265 178
265 389
265 451
265 561
266 68
266 161
266 211
266 882
267 51
267 267
267 447
267 503
268 96
268 316
268 449
268 729
269 12
269 57
269 532
269 756
270 84
270 671
270 833
270 918
271 328
271 634
271 761
271 994
272 71
272 270
272 393
272 605
273 52
273 438
273 481
273 581
274 155
274 165
274 278
274 389
275 241
275 829
275 890
275 988
276 187
276 248
276 622
276 974
277 39
277 248
277 590
277 675
278 20
278 523
278 671
278 817
279 125
279 210
279 328
279 593
280 9
280 54
280 415
280 557
281 468
281 803
281 939
281 993
282 98
282 135
282 301
282 432
283 138
283 214
283 404
283 891
284 131
284 306
284 389
284 638
285 188
285 250
285 306
285 996
286 127
286 274
286 310
286 479
287 192
287 320
287 665
287 703
288 19
288 241
288 601
288 723
289 476
289 582
289 907
289 931
290 373
290 750
290 758
290 766
291 93
291 178
291 242
291 613
292 80
292 352
292 718
292 862
293 62
293 340
293 719
293 800
294 240
294 555
294 868
294 870
295 238
295 571
295 773
295 887
296 29
296 274
296 713
296 874
297 345
297 733
297 826
297 947
298 142
298 177
298 585
298 730
299 156
299 162
299 563
299 955
300 122
300 600
300 704
300 968
301 475
301 556
301 905
301 986
302 104
302 589
302 610
302 759
303 203
303 437
303 679
303 961
304 317
304 420
304 571
304 771
305 77
305 170
305 881
305 969
306 181
306 815
306 915
306 985
307 342
307 473
307 703
307 898
308 27
308 222
308 364
308 719
309 141
309 289
309 511
309 577
310 323
310 452
310 563
310 914
311 428
311 681
311 682
311 690
312 72
312 246
312 709
312 775
313 423
313 698
313 723
313 758
314 433
314 768
314 799
314 824
315 119
315 253
315 449
315 677
316 154
316 238
316 405
316 959
317 25
317 535
317 847
317 856
318 1
318 915
318 919
318 968
319 244
319 459
319 823
319 861
320 138
320 377
320 501
320 666
321 447
321 496
321 738
321 896
322 72
322 274
322 693
322 883
323 225
323 258
323 501
323 693
324 76
324 104
324 440
324 736
325 303
325 379
325 428
325 657
326 36
326 484
326 488
326 509
327 163
327 594
327 747
327 982
328 293
328 628
328 721
328 813
329 143
329 167
329 693
329 768
330 155
330 240
330 331
330 865
331 378
331 446
331 706
331 976
332 24
332 407
332 740
332 813
333 34
333 212
333 608
333 640
334 70
334 100
334 795
334 814
335 23
335 578
335 647
335 975
336 170
336 496
336 717
336 736
337 301
337 475
337 501
337 578
338 147
338 391
338 442
338 624
339 661
339 683
339 779
339 855
340 37
340 249
340 479
340 716
341 219
341 383
341 587
341 811
342 535
342 595
342 625
342 832
343 130
343 373
343 761
343 841
344 514
344 680
344 770
344 950
345 91
345 145
345 413
345 522
346 102
346 111
346 359
346 822
347 2
347 256
347 298
347 489
348 3
348 487
348 500
348 803
349 459
349 485
349 516
349 867
350 132
350 355
350 375
350 729
351 31
351 147
351 240
351 416
352 50
352 75
352 947
352 970
353 98
353 355
353 744
353 906
354 271
354 427
354 705
354 744
355 14
355 496
355 754
355 939
356 102
356 386
356 653
356 998
357 189
357 240
357 317
357 491
358 26
358 274
358 484
358 822
359 34
359 207
359 539
359 848
360 135
360 333
360 605
360 894
361 446
361 724
361 830
361 866
362 410
362 736
362 890
362 997
363 253
363 384
363 809
363 881
364 28
364 299
364 438
364 497
365 281
365 417
365 452
365 570
366 20
366 38
366 51
366 732
367 117
367 343
367 376
367 797
368 517
368 670
368 788
368 882
369 39
369 279
369 756
369 842
370 689
370 693
370 706
370 960
371 374
371 664
371 755
371 877
372 134
372 276
372 287
372 969
373 129
373 146
373 643
373 829
374 96
374 568
374 718
374 861
375 30
375 787
375 805
375 934
376 114
376 733
376 737
376 746
377 87
377 844
377 914
377 933
378 287
378 404
378 682
378 692
379 130
379 185
379 480
379 696
380 385
380 478
380 682
380 863
381 476
381 497
381 846
381 863
382 171
382 409
382 476
382 697
383 142
383 182
383 258
383 606
384 174
384 352
384 755
384 979
385 291
385 403
385 439
385 996
386 25
386 497
386 730
386 880
387 371
387 381
387 826
387 964
388 226
388 400
388 497
388 629
389 129
389 411
389 852
389 869
390 795
390 865
390 879
390 944
391 128
391 223
391 567
391 797
392 521
392 722
392 822
392 940
393 235
393 544
393 727
393 794
394 233
394 262
394 509
394 816
395 208
395 249
395 323
395 512
396 506
396 588
396 736
396 982
397 470
397 645
397 669
397 891
398 47
398 182
398 842
398 846
399 88
399 229
399 321
399 648
400 51
400 330
400 685
400 897
401 246
401 484
401 541
401 630
402 42
402 170
402 313
402 613
403 605
403 899
403 907
403 915
404 82
404 188
404 233
404 743
405 38
405 198
405 253
405 587
406 193
406 772
406 792
406 866
407 240
407 335
407 719
407 835
408 239
408 285
408 401
408 669
409 88
409 419
409 566
409 740
410 165
410 443
410 450
410 506
411 127
411 139
411 677
411 758
412 252
412 663
412 811
412 941
413 50
413 187
413 286
413 475
414 89
414 123
414 231
414 331
415 341
415 369
415 483
415 856
416 69
416 113
416 434
416 740
417 29
417 755
417 874
417 902
418 81
418 515
418 638
418 816
419 161
419 229
419 350
419 384
420 375
420 516
420 781
420 955
421 52
421 314
421 440
421 449
422 211
422 253
422 470
422 735
423 297
423 390
423 823
423 929
424 278
424 539
424 571
424 739
425 34
425 661
425 690
425 813
426 339
426 430
426 760
426 834
427 169
427 448
427 591
427 634
428 5
428 118
428 493
428 795
429 38
429 254
429 402
429 581
430 714
430 779
430 830
430 979
431 124
431 875
431 939
431 987
432 62
432 298
432 521
432 988
433 374
433 465
433 933
433 938
434 243
434 282
434 355
434 676
435 282
435 343
435 711
435 990
436 111
436 415
436 431
436 968
437 407
437 689
437 846
437 947
438 5
438 250
438 592
438 866
439 146
439 203
439 365
439 485
440 608
440 690
440 832
440 909
441 322
441 423
441 450
441 543
442 97
442 292
442 527
442 592
443 137
443 437
443 624
443 721
444 183
444 647
444 981
444 986
445 43
445 305
445 381
445 997
446 208
446 379
446 499
446 639
447 406
447 599
447 729
447 932
448 171
448 741
448 898
448 966
449 244
449 323
449 604
449 870
450 290
450 488
450 960
450 981
451 491
451 649
451 884
451 929
452 26
452 274
452 754
452 796
453 149
453 448
453 598
453 792
454 191
454 455
454 466
454 912
455 278
455 547
455 697
455 870
456 195
456 415
456 560
456 781
457 574
457 700
457 905
457 909
458 113
458 170
458 295
458 344
459 290
459 459
459 827
459 994
460 181
460 384
460 573
460 805
461 6
461 105
461 614
461 961
462 688
462 727
462 940
462 989
463 201
463 294
463 441
463 500
464 42
464 118
464 612
464 724
465 498
465 500
465 612
465 615
466 235
466 771
466 822
466 888
467 125
467 174
467 275
467 352
468 200
468 214
468 349
468 517
469 301
469 461
469 742
469 872
470 442
470 788
470 798
470 904
471 5
471 22
471 111
471 485
472 231
472 348
472 756
472 829
473 396
473 504
473 566
473 697
474 189
474 235
474 520
474 657
475 396
475 415
475 611
475 930
476 51
476 151
476 154
476 953
477 218
477 279
477 282
477 972
478 524
478 650
478 662
478 694
479 154
479 187
479 329
479 797
480 175
480 528
480 717
480 858
481 45
481 735
481 775
481 977
482 175
482 376
482 535
482 574
483 5
483 398
483 436
483 633
484 141
484 275
484 613
484 655
485 316
485 453
485 712
485 846
486 595
486 847
486 890
486 996
487 93
487 320
487 509
487 960
488 494
488 517
488 856
488 886
489 72
489 372
489 695
489 903
490 229
490 335
490 381
490 927
491 259
491 476
491 600
491 827
492 143
492 221
492 551
492 856
493 102
493 579
493 789
493 810
494 55
494 137
494 209
494 439
495 72
495 94
495 667
495 790
496 32
496 135
496 618
496 769
497 46
497 670
497 789
497 966
498 304
498 694
498 724
498 800
499 168
499 439
499 495
499 670
500 21
500 118
500 329
500 443
501 516
501 621
501 753
501 973
502 645
502 821
502 920
502 950
503 374
503 473
503 760
503 920
504 164
504 352
504 515
504 578
505 174
505 512
505 594
505 686
506 366
506 462
506 693
506 938
507 484
507 530
507 870
507 991
508 65
508 191
508 464
508 585
509 231
509 475
509 824
509 868
510 213
510 456
510 671
510 944
511 114
511 144
511 282
511 361
512 204
512 234
512 686
512 769
513 10
513 178
513 726
513 977
514 81
514 143
514 236
514 731
515 62
515 325
515 447
515 601
516 558
516 717
516 862
516 981
517 131
517 358
517 491
517 530
518 422
518 498
518 666
518 951
519 480
519 586
519 671
519 835
520 69
520 314
520 958
520 963
521 153
521 575
521 694
521 968
522 15
522 344
522 464
522 639
523 235
523 302
523 438
523 529
524 26
524 319
524 361
524 947
525 253
525 460
525 807
525 837
526 529
526 782
526 878
526 908
527 342
527 417
527 437
527 462
528 278
528 314
528 338
528 395
529 209
529 296
529 499
529 820
530 501
530 690
530 718
530 889
531 141
531 641
531 785
531 787
532 468
532 517
532 925
532 942
533 208
533 251
533 534
533 556
534 176
534 527
534 681
534 706
535 240
535 420
535 663
535 720
536 62
536 698
536 848
536 931
537 331
537 739
537 831
537 873
538 169
538 785
538 893
538 986
539 215
539 252
539 723
539 758
540 57
540 116
540 397
540 606
541 221
541 297
541 549
541 691
542 277
542 688
542 814
542 955
543 568
543 799
543 859
543 914
544 257
544 380
544 432
544 690
545 390
545 540
545 647
545 881
546 104
546 173
546 530
546 827
547 251
547 510
547 761
547 988
548 32
548 176
548 888
548 953
549 106
549 532
549 795
549 851
550 62
550 72
550 474
550 725
551 56
551 470
551 557
551 787
552 223
552 349
552 563
552 969
553 22
553 92
553 380
553 958
554 93
554 582
554 686
554 948
555 16
555 586
555 623
555 823
556 137
556 627
556 760
556 814
557 567
557 645
557 661
557 960
558 222
558 307
558 909
558 985
559 213
559 519
559 628
559 907
560 41
560 664
560 737
560 804
561 608
561 618
561 863
561 973
562 415
562 549
562 582
562 836
563 6
563 22
563 137
563 647
564 126
564 272
564 288
564 370
565 27
565 216
565 766
565 854
566 183
566 474
566 541
566 877
567 254
567 388
567 499
567 505
568 63
568 296
568 329
568 403
569 218
569 517
569 799
569 894
570 185
570 189
570 755
570 860
571 124
571 240
571 271
571 586
572 183
572 506
572 837
572 858
573 47
573 514
573 528
573 862
574 196
574 260
574 272
574 364
575 61
575 526
575 530
575 807
576 46
576 415
576 481
576 498
577 134
577 201
577 206
577 712
578 19
578 427
578 649
578 656
579 636
579 653
579 690
579 999
580 170
580 651
580 717
580 922
581 52
581 202
581 278
581 308
582 234
582 694
582 703
582 829
583 266
583 430
583 592
583 856
584 38
584 309
584 406
584 704
585 142
585 168
585 384
585 506
586 23
586 90
586 93
586 119
587 385
587 411
587 461
587 588
588 385
588 538
588 565
588 683
589 308
589 692
589 735
589 874
590 76
590 102
590 132
590 281
591 207
591 732
591 810
591 906
592 57
592 177
592 273
592 286
593 51
593 121
593 507
593 580
594 34
594 263
594 761
594 784
595 69
595 412
595 735
595 814
596 339
596 489
596 544
596 693
597 99
597 256
597 294
597 385
598 33
598 55
598 769
598 854
599 90
599 478
599 783
599 859
600 212
600 334
600 621
600 944
601 354
601 743
601 835
601 914
602 183
602 292
602 592
602 951
603 531
603 765
603 883
603 938
604 97
604 494
604 632
604 636
605 82
605 188
605 716
605 815
606 445
606 501
606 705
606 758
607 142
607 290
607 788
607 898
608 29
608 80
608 199
608 467
609 473
609 635
609 711
609 893
610 227
610 678
610 681
610 727
611 659
611 806
611 858
611 875
612 254
612 329
612 763
612 838
613 535
613 564
613 654
613 801
614 410
614 589
614 971
614 974
615 57
615 549
615 667
615 858
616 185
616 235
616 419
616 603
617 384
617 426
617 748
617 927
618 137
618 259
618 381
618 777
619 372
619 423
619 672
619 974
620 7
620 46
620 136
620 387
621 87
621 295
621 573
621 777
622 284
622 471
622 941
622 957
623 292
623 310
623 694
623 928
624 68
624 417
624 698
624 847
625 327
625 657
625 781
625 965
626 28
626 210
626 286
626 507
627 303
627 356
627 399
627 888
628 316
628 394
628 824
628 933
629 117
629 481
629 513
629 700
630 545
630 547
630 582
630 832
631 161
631 628
631 764
631 767
632 336
632 679
632 755
632 760
633 76
633 450
633 546
633 587
634 482
634 586
634 675
634 706
635 49
635 461
635 677
635 682
636 7
636 374
636 612
636 972
637 548
637 707
637 749
637 822
638 692
638 743
638 975
638 978
639 112
639 223
639 548
639 658
640 246
640 563
640 706
640 972
641 233
641 284
641 354
641 377
642 282
642 521
642 526
642 752
643 248
643 301
643 462
643 979
644 462
644 523
644 553
644 754
645 165
645 196
645 546
645 785
646 342
646 470
646 815
646 863
647 193
647 779
647 786
647 795
648 110
648 234
648 514
648 800
649 373
649 618
649 816
649 942
650 294
650 386
650 730
650 924
651 35
651 77
651 208
651 237
652 207
652 312
652 470
652 647
653 359
653 444
653 695
653 699
654 368
654 482
654 726
654 832
655 45
655 403
655 524
655 629
656 170
656 418
656 717
656 726
657 110
657 280
657 314
657 771
658 49
658 159
658 586
658 614
659 332
659 619
659 651
659 851
660 38
660 458
660 571
660 745
661 285
661 298
661 535
661 752
662 64
662 273
662 278
662 594
663 7
663 77
663 328
663 485
664 284
664 595
664 866
664 969
665 387
665 554
665 622
665 738
666 34
666 341
666 392
666 967
667 208
667 414
667 515
667 696
668 553
668 701
668 743
668 778
669 123
669 161
669 789
669 907
670 3
670 110
670 309
670 966
671 97
671 404
671 724
671 927
672 489
672 538
672 697
672 870
673 31
673 453
673 881
673 937
674 16
674 155
674 502
674 771
675 224
675 246
675 442
675 681
676 450
676 643
676 901
676 935
677 124
677 498
677 634
677 731
678 95
678 728
678 884
678 903
679 281
679 601
679 665
679 847
680 314
680 716
680 745
680 898
681 543
681 584
681 726
681 825
682 558
682 668
682 670
682 946
683 206
683 610
683 907
683 990
684 117
684 165
684 625
684 815
685 148
685 224
685 538
685 571
686 11
686 184
686 588
686 917
687 42
687 230
687 451
687 683
688 3
688 453
688 870
688 984
689 181
689 250
689 676
689 697
690 33
690 133
690 299
690 475
691 91
691 493
691 515
691 588
692 175
692 440
692 539
692 955
693 57
693 74
693 100
693 884
694 125
694 190
694 563
694 762
695 175
695 670
695 759
695 958
696 117
696 394
696 790
696 961
697 227
697 738
697 779
697 875
698 118
698 496
698 622
698 636
699 236
699 356
699 458
699 709
700 192
700 562
700 644
700 707
701 34
701 277
701 824
701 899
702 97
702 208
702 461
702 761
703 153
703 385
703 515
703 997
704 29
704 521
704 855
704 931
705 167
705 174
705 345
705 650
706 165
706 264
706 590
706 850
707 172
707 359
707 604
707 638
708 75
708 466
708 508
708 875
709 149
709 362
709 668
709 785
710 181
710 352
710 414
710 979
711 523
711 554
711 799
711 914
712 356
712 684
712 750
712 854
713 142
713 597
713 643
713 822
714 72
714 194
714 341
714 719
715 293
715 534
715 820
715 826
716 28
716 127
716 304
716 506
717 135
717 668
717 970
717 973
718 8
718 67
718 105
718 215
719 138
719 528
719 728
719 824
720 374
720 527
720 688
720 771
721 289
721 862
721 964
721 989
722 64
722 172
722 539
722 909
723 381
723 468
723 717
723 888
724 116
724 422
724 553
724 903
725 261
725 324
725 577
725 604
726 110
726 260
726 602
726 847
727 120
727 324
727 429
727 528
728 10
728 72
728 577
728 852
729 477
729 510
729 910
729 995
730 15
730 38
730 562
730 964
731 497
731 510
731 545
731 960
732 94
732 257
732 532
732 699
733 186
733 452
733 719
733 854
734 2
734 249
734 577
734 727
735 152
735 701
735 779
735 851
736 296
736 591
736 672
736 872
737 101
737 519
737 739
737 887
738 215
738 304
738 393
738 608
739 242
739 460
739 696
739 870
740 326
740 567
740 579
740 758
741 475
741 691
741 817
741 945
742 239
742 275
742 414
742 896
743 190
743 228
743 354
743 689
744 72
744 493
744 554
744 583
745 631
745 738
745 927
745 946
746 479
746 486
746 642
746 994
747 8
747 752
747 811
747 865
748 457
748 552
748 602
748 676
749 395
749 642
749 695
749 993
750 318
750 389
750 430
750 497
751 116
751 132
751 758
751 840
752 200
752 298
752 541
752 938
753 74
753 135
753 548
753 915
754 121
754 377
754 708
754 795
755 424
755 435
755 625
755 912
756 4
756 15
756 32
756 474
757 279
757 701
757 845
757 852
758 327
758 867
758 893
758 905
759 35
759 653
759 749
759 881
760 92
760 449
760 830
760 834
761 118
761 178
761 366
761 412
762 22
762 576
762 635
762 676
763 236
763 508
763 877
763 962
764 162
764 317
764 485
764 953
765 29
765 411
765 726
765 998
766 115
766 220
766 774
766 844
767 465
767 489
767 651
767 929
768 550
768 610
768 700
768 975
769 16
769 100
769 487
769 678
770 8
770 71
770 148
770 539
771 346
771 517
771 635
771 966
772 159
772 168
772 297
772 566
773 147
773 209
773 514
773 689
774 188
774 317
774 542
774 746
775 162
775 340
775 364
775 805
776 30
776 98
776 769
776 941
777 70
777 137
777 416
777 696
778 318
778 439
778 749
778 806
779 509
779 656
779 720
779 948
780 378
780 607
780 768
780 978
781 374
781 380
781 601
781 982
782 111
782 612
782 629
782 681
783 167
783 190
783 358
783 755
784 288
784 323
784 440
784 755
785 285
785 384
785 558
785 565
786 141
786 173
786 249
786 965
787 283
787 361
787 443
787 523
788 171
788 290
788 394
788 478
789 90
789 115
789 208
789 469
790 6
790 47
790 270
790 963
791 543
791 577
791 968
791 1000
792 172
792 279
792 614
792 900
793 362
793 827
793 844
793 989
794 373
794 719
794 834
794 878
795 10
795 322
795 507
795 616
796 228
796 684
796 732
796 840
797 283
797 289
797 709
797 878
798 328
798 344
798 644
798 733
799 270
799 310
799 511
799 769
800 31
800 216
800 600
800 847
801 56
801 134
801 487
801 640
802 25
802 105
802 517
802 818
803 179
803 187
803 307
803 788
804 211
804 292
804 620
804 908
805 80
805 97
805 380
805 906
806 506
806 526
806 788
806 905
807 296
807 380
807 454
807 633
808 73
808 875
808 904
808 936
809 115
809 146
809 451
809 938
810 44
810 105
810 379
810 445
811 79
811 163
811 357
811 441
812 111
812 254
812 637
812 713
813 228
813 700
813 848
813 993
814 149
814 337
814 862
814 1000
815 128
815 408
815 416
815 898
816 510
816 690
816 844
816 969
817 110
817 215
817 647
817 868
818 134
818 542
818 741
818 801
819 274
819 482
819 598
819 777
820 316
820 455
820 600
820 956
821 54
821 481
821 657
821 658
822 40
822 393
822 426
822 844
823 44
823 251
823 668
823 899
824 528
824 694
824 854
824 920
825 181
825 208
825 276
825 441
826 123
826 627
826 729
826 984
827 28
827 169
827 322
827 666
828 61
828 266
828 802
828 915
829 88
829 102
829 521
829 766
830 292
830 538
830 739
830 769
831 496
831 511
831 578
831 874
832 113
832 236
832 522
832 705
833 153
833 221
833 371
833 652
834 227
834 234
834 618
834 730
835 42
835 499
835 594
835 748
836 221
836 341
836 703
836 922
837 48
837 131
837 394
837 841
838 392
838 478
838 585
838 859
839 16
839 345
839 385
839 741
840 303
840 373
840 398
840 788
841 223
841 489
841 539
841 984
842 334
842 658
842 677
842 909
843 152
843 387
843 869
843 890
844 47
844 257
844 311
844 906
845 389
845 688
845 691
845 791
846 239
846 257
846 509
846 697
847 187
847 235
847 802
847 974
848 119
848 488
848 911
848 959
849 519
849 668
849 884
849 949
850 75
850 681
850 713
850 893
851 75
851 89
851 325
851 744
852 8
852 302
852 641
852 846
853 209
853 423
853 561
853 602
854 166
854 223
854 596
854 748
855 121
855 609
855 616
855 764
856 32
856 363
856 926
856 934
857 95
857 177
857 774
857 960
858 374
858 626
858 744
858 889
859 123
859 168
859 205
859 846
860 646
860 756
860 806
860 996
861 178
861 527
861 815
861 855
862 303
862 459
862 549
862 675
863 18
863 119
863 371
863 425
864 157
864 366
864 523
864 727
865 222
865 282
865 498
865 691
866 6
866 221
866 342
866 764
867 171
867 180
867 588
867 975
868 59
868 281
868 558
868 585
869 32
869 159
869 700
869 910
870 239
870 252
870 668
870 759
871 353
871 605
871 611
871 648
872 164
872 388
872 900
872 909
873 266
873 387
873 736
873 989
874 32
874 164
874 933
874 938
875 169
875 248
875 796
875 977
876 46
876 819
876 835
876 919
877 39
877 55
877 683
877 927
878 157
878 339
878 478
878 944
879 111
879 128
879 453
879 504
880 26
880 370
880 529
880 837
881 160
881 213
881 263
881 301
882 189
882 515
882 548
882 790
883 455
883 600
883 610
883 774
884 501
884 705
884 815
884 856
885 418
885 419
885 827
885 891
886 230
886 445
886 475
886 871
887 239
887 286
887 472
887 488
888 148
888 207
888 283
888 490
889 360
889 378
889 534
889 759
890 128
890 256
890 578
890 903
891 215
891 290
891 451
891 937
892 238
892 360
892 728
892 813
893 707
893 747
893 811
893 860
894 78
894 798
894 888
894 948
895 67
895 205
895 734
895 922
896 275
896 553
896 597
896 869
897 141
897 236
897 607
897 709
898 5
898 37
898 60
898 503
899 410
899 424
899 508
899 652
900 44
900 141
900 180
900 468
901 117
901 232
901 285
901 717
902 16
902 640
902 703
902 911
903 562
903 622
903 836
903 921
904 647
904 738
904 906
904 928
905 44
905 161
905 180
905 709
906 186
906 306
906 725
906 783
907 404
907 516
907 783
907 966
908 412
908 466
908 685
908 874
909 68
909 311
909 747
909 764
910 146
910 150
910 263
910 943
911 292
911 416
911 910
911 966
912 579
912 704
912 770
912 859
913 457
913 646
913 650
913 819
914 340
914 561
914 571
914 809
915 174
915 364
915 408
915 708
916 222
916 286
916 578
916 942
917 21
917 665
917 707
917 877
918 92
918 298
918 326
918 426
919 354
919 383
919 390
919 797
920 308
920 446
920 980
920 989
921 566
921 674
921 743
921 817
922 5
922 140
922 418
922 819
923 60
923 223
923 426
923 818
924 28
924 141
924 190
924 691
925 209
925 601
925 782
925 903
926 237
926 641
926 786
926 901
927 67
927 261
927 632
927 770
928 48
928 548
928 564
928 840
929 444
929 447
929 460
929 692
930 218
930 418
930 588
930 766
931 178
931 183
931 261
931 334
932 141
932 188
932 277
932 837
933 71
933 403
933 739
933 983
934 39
934 203
934 718
934 745
935 28
935 599
935 620
935 767
936 193
936 582
936 798
936 847
937 13
937 318
937 417
937 508
938 24
938 73
938 332
938 988
939 61
939 267
939 306
939 608
940 13
940 383
940 603
940 818
941 38
941 541
941 812
941 872
942 28
942 30
942 567
942 845
943 103
943 215
943 268
943 877
944 209
944 603
944 604
944 713
945 299
945 439
945 715
945 729
946 40
946 74
946 135
946 970
947 133
947 281
947 710
947 930
948 543
948 576
948 803
948 853
949 61
949 100
949 103
949 488
950 230
950 481
950 699
950 900
951 25
951 328
951 475
951 738
952 189
952 218
952 222
952 562
953 585
953 754
953 847
953 927
954 298
954 317
954 510
954 788
955 117
955 496
955 734
955 891
956 150
956 402
956 410
956 948
957 25
957 129
957 527
957 781
958 383
958 451
958 694
958 794
959 61
959 505
959 603
959 751
960 13
960 275
960 758
960 858
961 23
961 28
961 640
961 767
962 268
962 718
962 807
962 860
963 453
963 797
963 834
963 922
964 429
964 875
964 879
964 886
965 107
965 786
965 949
965 951
966 291
966 520
966 621
966 672
967 59
967 181
967 533
967 785
968 70
968 183
968 388
968 446
969 124
969 333
969 466
969 535
970 4
970 40
970 174
970 368
971 170
971 224
971 309
971 468
972 220
972 490
972 715
972 738
973 22
973 117
973 686
973 767
974 126
974 463
974 496
974 708
975 42
975 761
975 875
975 989
976 295
976 507
976 514
976 741
977 11
977 152
977 846
977 849
978 377
978 499
978 514
978 879
979 63
979 303
979 383
979 856
980 122
980 260
980 529
980 618
981 374
981 483
981 548
981 844
982 378
982 652
982 770
982 823
983 107
983 390
983 407
983 472
984 560
984 824
984 953
984 993
985 361
985 411
985 438
985 740
986 448
986 550
986 800
986 889
987 3
987 151
987 288
987 744
988 589
988 792
988 833
988 975
989 258
989 493
989 593
989 759
990 242
990 410
990 605
990 895
991 411
991 448
991 497
991 741
992 56
992 362
992 632
992 819
993 293
993 483
993 541
993 771
994 65
994 267
994 494
994 869
995 118
995 217
995 505
995 710
996 137
996 292
996 636
996 938
997 130
997 527
997 661
997 992
998 367
998 632
998 703
998 904
999 277
999 279
999 305
999 776
1000 80
1000 166
1000 360
1000 965
