# The woods are lovely, dark and deep
# But I have promises to keep
# Size: 2500 And miles to go before I sleep
# And miles to go before I sleep
1 1153
1 1201
1 1439
1 1647
2 1027
2 1840
2 2023
2 2397
3 82
3 230
3 1028
3 1496
4 18
4 1122
4 1301
4 2395
5 920
5 1155
5 1498
5 2418
6 712
6 1221
6 1471
6 2154
7 1040
7 1340
7 1572
7 2271
8 345
8 1093
8 1782
8 2212
9 99
9 887
9 2148
9 2183
10 67
10 319
10 1913
10 2378
11 430
11 447
11 2188
11 2230
12 565
12 1425
12 2067
12 2292
13 536
13 566
13 1045
13 1055
14 484
14 611
14 662
14 1342
15 511
15 1465
15 1551
15 1687
16 968
16 1370
16 1386
16 1582
17 207
17 688
17 1038
17 2467
18 314
18 1031
18 1804
18 2376
19 1166
19 2302
19 2343
19 2401
20 812
20 1572
20 1800
20 2297
21 468
21 720
21 1317
21 1540
22 310
22 391
22 427
22 628
23 670
23 1234
23 1392
23 1687
24 349
24 580
24 732
24 1904
25 80
25 702
25 758
25 2135
26 98
26 113
26 1093
26 1845
27 1091
27 1480
27 1661
27 2098
28 260
28 671
28 1685
28 2288
29 39
29 852
29 1444
29 2129
30 280
30 2000
30 2213
30 2281
31 1358
31 1842
31 2027
31 2496
32 51
32 1368
32 1676
32 2059
33 1310
33 1867
33 2259
33 2473
34 238
34 350
34 1808
34 2234
35 245
35 1832
35 2155
35 2250
36 243
36 271
36 735
36 841
37 595
37 863
37 1338
37 1569
38 225
38 1020
38 1934
38 2199
39 381
39 480
39 1701
39 2090
40 231
40 1716
40 1734
40 1937
41 436
41 1246
41 1909
41 2446
42 1355
42 1845
42 2405
42 2453
43 288
43 526
43 1758
43 2435
44 722
44 780
44 1228
44 2467
45 198
45 301
45 1032
45 2373
46 772
46 917
46 1286
46 1386
47 112
47 1295
47 2042
47 2333
48 393
48 674
48 790
48 1947
49 22
49 101
49 437
49 1630
50 343
50 1543
50 1548
50 2288
51 818
51 1073
51 1259
51 1319
52 193
52 1552
52 1766
52 2039
53 1731
53 2115
53 2444
53 2496
54 502
54 678
54 1195
54 1964
55 1798
55 2057
55 2270
55 2319
56 505
56 622
56 719
56 1770
57 144
57 1367
57 2137
57 2324
58 845
58 1622
58 2002
58 2293
59 1060
59 1238
59 2062
59 2357
60 201
60 417
60 704
60 2464
61 1414
61 1794
61 2328
61 2452
62 42
62 1388
62 2003
62 2426
63 596
63 1190
63 1621
63 1688
64 47
64 752
64 795
64 976
65 341
65 1184
65 1630
65 1772
66 433
66 912
66 1742
66 2438
67 124
67 210
67 1774
67 2179
68 1621
68 1856
68 1911
68 1974
69 148
69 219
69 907
69 1431
70 107
70 400
70 552
70 1492
71 94
71 567
71 962
71 1598
72 749
72 1802
72 2259
72 2376
73 292
73 390
73 1294
73 2123
74 88
74 116
74 694
74 2199
75 796
75 932
75 2383
75 2452
76 418
76 849
76 1890
76 2313
77 712
77 1831
77 2352
77 2389
78 295
78 1858
78 1989
78 2148
79 566
79 1562
79 2120
79 2393
80 1565
80 1690
80 2187
80 2240
81 13
81 418
81 1612
81 1756
82 9
82 738
82 959
82 2351
83 498
83 2262
83 2356
83 2433
84 122
84 1178
84 1536
84 2018
85 434
85 1176
85 1237
85 1516
86 903
86 920
86 1714
86 1889
87 781
87 1091
87 1667
87 1677
88 701
88 1378
88 1484
88 1712
89 72
89 688
89 838
89 2484
90 93
90 1035
90 1595
90 1918
91 292
91 904
91 1027
91 1247
92 1172
92 1859
92 1879
92 2143
93 1200
93 1217
93 1716
93 2008
94 917
94 2071
94 2138
94 2414
95 375
95 384
95 1248
95 2223
96 124
96 507
96 1723
96 1978
97 577
97 707
97 951
97 1671
98 444
98 721
98 1951
98 2371
99 1168
99 1337
99 1767
99 2110
100 111
100 1003
100 1549
100 1801
101 15
101 507
101 1049
101 1481
102 224
102 1043
102 2432
102 2473
103 650
103 1122
103 1976
103 2353
104 326
104 336
104 386
104 1785
105 932
105 1555
105 2156
105 2317
106 92
106 515
106 1339
106 1460
107 515
107 650
107 1758
107 1908
108 541
108 990
108 1066
108 1942
109 242
109 757
109 2274
109 2318
110 102
110 1012
110 1773
110 2382
111 944
111 1853
111 1978
111 2455
112 334
112 562
112 1853
112 2106
113 472
113 982
113 1525
113 1742
114 232
114 1487
114 1715
114 2414
115 76
115 928
115 1906
115 1976
116 194
116 986
116 1786
116 2498
117 27
117 436
117 993
117 1957
118 943
118 998
118 2205
118 2470
119 752
119 833
119 1363
119 1716
120 716
120 1506
120 2142
120 2425
121 1328
121 1639
121 1946
121 2254
122 47
122 1044
122 2423
122 2430
123 151
123 1626
123 2175
123 2463
124 1044
124 1251
124 1833
124 2289
125 3
125 347
125 1130
125 1634
126 32
126 496
126 1142
126 1476
127 364
127 377
127 1395
127 1876
128 927
128 1193
128 1692
128 2074
129 415
129 633
129 1621
129 1906
130 782
130 888
130 1507
130 1904
131 520
131 588
131 1302
131 1369
132 885
132 940
132 1099
132 2087
133 654
133 979
133 1466
133 2437
134 82
134 2389
134 2418
134 2463
135 714
135 1398
135 1683
135 1890
136 221
136 811
136 1863
136 1913
137 389
137 1232
137 1911
137 2217
138 92
138 1692
138 2015
138 2359
139 545
139 711
139 841
139 1832
140 520
140 2054
140 2155
140 2245
141 145
141 709
141 1277
141 2186
142 1202
142 2153
142 2228
142 2260
143 51
143 636
143 1428
143 2235
144 527
144 1148
144 1202
144 2475
145 255
145 876
145 892
145 1676
146 351
146 1297
146 1979
146 2190
147 2
147 136
147 194
147 1623
148 100
148 551
148 1214
148 2324
149 269
149 358
149 750
149 912
150 581
150 882
150 1497
150 1941
151 535
151 903
151 1394
151 2398
152 759
152 851
152 1275
152 1520
153 97
153 561
153 1875
153 2200
154 599
154 676
154 1074
154 1539
155 128
155 610
155 1530
155 2266
156 493
156 1455
156 2042
156 2101
157 1219
157 1597
157 1624
157 1996
158 316
158 692
158 1664
158 1834
159 752
159 1683
159 1885
159 2087
160 309
160 474
160 2431
160 2497
161 47
161 579
161 700
161 780
162 69
162 929
162 944
162 1702
163 251
163 293
163 1346
163 2014
164 465
164 602
164 1490
164 1616
165 554
165 979
165 1449
165 1770
166 69
166 859
166 1939
166 2421
167 508
167 856
167 1302
167 1526
168 151
168 1093
168 1236
168 1964
169 94
169 141
169 1424
169 2121
170 269
170 966
170 1540
170 1651
171 734
171 1114
171 1444
171 2350
172 813
172 1606
172 1852
172 2201
173 340
173 520
173 1091
173 1876
174 162
174 1785
174 2048
174 2138
175 697
175 721
175 1042
175 2048
176 261
176 1262
176 1851
176 2029
177 443
177 783
177 2108
177 2210
178 138
178 297
178 772
178 1740
179 162
179 1036
179 1356
179 1872
180 432
180 516
180 1644
180 1907
181 79
181 1825
181 2068
181 2307
182 1014
182 2038
182 2218
182 2392
183 27
183 309
183 1939
183 2428
184 43
184 580
184 1160
184 1238
185 448
185 1480
185 1633
185 1671
186 386
186 626
186 702
186 1130
187 39
187 747
187 1814
187 2207
188 101
188 746
188 931
188 2173
189 531
189 1437
189 1643
189 2348
190 566
190 688
190 1191
190 1375
191 452
191 1157
191 1413
191 2276
192 232
192 1861
192 1968
192 2422
193 1353
193 1707
193 1850
193 2078
194 663
194 1737
194 1843
194 2053
195 240
195 589
195 1679
195 1979
196 772
196 902
196 1526
196 1787
197 724
197 1056
197 2389
197 2481
198 572
198 1294
198 1542
198 1580
199 2012
199 2139
199 2398
199 2408
200 151
200 273
200 697
200 1995
201 202
201 652
201 796
201 1740
202 589
202 1687
202 1967
202 2285
203 261
203 1497
203 2084
203 2117
204 159
204 1450
204 2132
204 2358
205 429
205 854
205 1360
205 1376
206 63
206 610
206 894
206 2382
207 1242
207 1752
207 2044
207 2425
208 40
208 1181
208 1930
208 2426
209 74
209 1126
209 1734
209 2454
210 245
210 343
210 2245
210 2302
211 282
211 362
211 981
211 1302
212 569
212 1099
212 1670
212 1871
213 603
213 686
213 834
213 909
214 1140
214 1167
214 1665
214 2091
215 489
215 1390
215 2210
215 2465
216 185
216 1594
216 1803
216 1975
217 55
217 1887
217 2261
217 2482
218 229
218 490
218 608
218 956
219 394
219 1208
219 2473
219 2483
220 910
220 1637
220 1701
220 1869
221 329
221 1019
221 1434
221 2154
222 95
222 166
222 552
222 1621
223 262
223 1236
223 1983
223 2253
224 721
224 881
224 2244
224 2496
225 277
225 1510
225 1945
225 2222
226 28
226 265
226 1152
226 1529
227 340
227 873
227 1316
227 2033
228 198
228 1379
228 1781
228 1922
229 776
229 885
229 1498
229 1780
230 866
230 1168
230 2135
230 2366
231 29
231 1260
231 1828
231 1856
232 4
232 324
232 431
232 1553
233 22
233 442
233 463
233 1219
234 494
234 688
234 2095
234 2444
235 190
235 1422
235 1866
235 2036
236 162
236 369
236 1214
236 1654
237 371
237 1360
237 1361
237 2416
238 1170
238 1813
238 1942
238 2010
239 628
239 873
239 1304
239 2455
240 572
240 759
240 1126
240 1875
241 444
241 689
241 2179
241 2382
242 891
242 1204
242 1867
242 2028
243 290
243 1375
243 1678
243 2247
244 694
244 1447
244 1907
244 2048
245 531
245 920
245 1541
245 1553
246 685
246 815
246 1233
246 1680
247 832
247 1317
247 1500
247 1526
248 316
248 554
248 574
248 1237
249 435
249 1812
249 2081
249 2251
250 46
250 1044
250 1592
250 1810
251 261
251 907
251 2070
251 2117
252 74
252 1305
252 1525
252 1625
253 416
253 1003
253 1757
253 1832
254 22
254 574
254 1351
254 1387
255 512
255 700
255 1498
255 1708
256 823
256 919
256 1455
256 2329
257 1379
257 1655
257 1861
257 2103
258 235
258 750
258 1431
258 2126
259 11
259 982
259 1177
259 1481
260 1010
260 1091
260 1267
260 1597
261 990
261 1467
261 2086
261 2370
262 211
262 512
262 704
262 2230
263 707
263 761
263 1929
263 2394
264 787
264 811
264 1119
264 2095
265 206
265 822
265 1277
265 2497
266 551
266 1905
266 2102
266 2171
267 1346
267 1563
267 2058
267 2328
268 541
268 792
268 1335
268 2348
269 234
269 397
269 879
269 1649
270 111
270 840
270 1007
270 2404
271 557
271 735
271 1293
271 2436
272 560
272 1058
272 1660
272 2419
273 67
273 695
273 1708
273 1727
274 239
274 255
274 1084
274 1622
275 424
275 1301
275 1826
275 1894
276 658
276 1615
276 2148
276 2164
277 368
277 1762
277 1824
277 2038
278 857
278 1589
278 1594
278 2184
279 500
279 586
279 1702
279 2033
280 664
280 1019
280 1504
280 1693
281 696
281 929
281 1523
281 2337
282 692
282 1137
282 1566
282 2182
283 321
283 528
283 1721
283 2471
284 213
284 353
284 385
284 1137
285 318
285 1561
285 1813
285 1973
286 683
286 1601
286 1868
286 2338
287 694
287 831
287 1369
287 2381
288 311
288 1027
288 1319
288 1871
289 281
289 515
289 1342
289 2121
290 27
290 97
290 2118
290 2128
291 1093
291 1313
291 1423
291 2321
292 615
292 1178
292 1667
292 2180
293 919
293 1876
293 2328
293 2415
294 576
294 991
294 1144
294 1900
295 17
295 124
295 631
295 1299
296 965
296 1192
296 1585
296 1951
297 836
297 1219
297 1947
297 2159
298 936
298 1574
298 1749
298 1971
299 184
299 625
299 1114
299 1911
300 1232
300 1245
300 1248
300 1627
301 462
301 614
301 617
301 667
302 279
302 319
302 1054
302 2472
303 76
303 861
303 942
303 1331
304 1
304 157
304 1699
304 1946
305 140
305 451
305 533
305 2134
306 1339
306 1822
306 2288
306 2334
307 13
307 1189
307 1600
307 2384
308 91
308 423
308 1665
308 2318
309 972
309 999
309 1009
309 1924
310 420
310 1048
310 1385
310 1541
311 416
311 491
311 612
311 682
312 73
312 148
312 764
312 2254
313 190
313 558
313 870
313 1410
314 489
314 1200
314 1584
314 2304
315 332
315 1962
315 2232
315 2273
316 739
316 1242
316 1847
316 2140
317 102
317 556
317 913
317 2444
318 615
318 910
318 1679
318 1972
319 820
319 1275
319 1724
319 1728
320 53
320 55
320 1871
320 2136
321 160
321 511
321 700
321 2172
322 586
322 752
322 1224
322 2009
323 362
323 1279
323 1866
323 2411
324 1214
324 1623
324 1819
324 2438
325 400
325 484
325 1718
325 2251
326 78
326 250
326 743
326 1368
327 94
327 1262
327 1738
327 1996
328 404
328 438
328 666
328 2460
329 1201
329 1577
329 1755
329 2334
330 887
330 1876
330 1889
330 2385
331 148
331 318
331 634
331 826
332 833
332 1129
332 1410
332 1816
333 438
333 1155
333 1699
333 1902
334 1732
334 1740
334 1997
334 2371
335 899
335 1066
335 1363
335 1770
336 2221
336 2228
336 2355
336 2499
337 110
337 721
337 2022
337 2232
338 148
338 1435
338 1525
338 1612
339 387
339 1120
339 1729
339 2122
340 402
340 965
340 1368
340 1977
341 1577
341 2395
341 2404
341 2427
342 828
342 2105
342 2234
342 2358
343 608
343 1033
343 1528
343 2456
344 373
344 406
344 407
344 1874
345 147
345 652
345 1963
345 2383
346 546
346 859
346 1178
346 2480
347 705
347 1091
347 1103
347 1625
348 1023
348 1566
348 1720
348 2366
349 143
349 149
349 195
349 1691
350 650
350 830
350 1098
350 1317
351 98
351 396
351 1673
351 2226
352 1392
352 1572
352 2080
352 2197
353 1364
353 1433
353 2194
353 2320
354 565
354 905
354 1534
354 2294
355 960
355 1067
355 2294
355 2440
356 286
356 655
356 1230
356 1939
357 676
357 1334
357 1485
357 2215
358 255
358 425
358 1320
358 1550
359 702
359 1531
359 1941
359 2200
360 189
360 1327
360 1760
360 2196
361 1117
361 1805
361 2151
361 2191
362 163
362 294
362 2064
362 2180
363 149
363 199
363 906
363 2174
364 604
364 605
364 1019
364 2433
365 24
365 349
365 1274
365 2403
366 1
366 682
366 964
366 1438
367 67
367 2167
367 2226
367 2234
368 1475
368 1509
368 1915
368 2181
369 54
369 1166
369 1214
369 2169
370 878
370 1223
370 1303
370 1738
371 66
371 240
371 296
371 2168
372 1172
372 1729
372 1997
372 2308
373 286
373 316
373 1111
373 2059
374 1526
374 1784
374 2457
374 2474
375 268
375 292
375 1870
375 2155
376 998
376 1036
376 1442
376 1528
377 218
377 272
377 912
377 2163
378 357
378 598
378 1055
378 1564
379 20
379 147
379 190
379 703
380 351
380 700
380 851
380 1382
381 399
381 497
381 794
381 1670
382 1232
382 1593
382 1622
382 2416
383 164
383 242
383 562
383 573
384 614
384 858
384 1127
384 1451
385 275
385 1314
385 1394
385 2133
386 2182
386 2194
386 2260
386 2451
387 213
387 714
387 1813
387 2106
388 1099
388 1313
388 1595
388 2063
389 240
389 1345
389 1564
389 1921
390 288
390 1175
390 2180
390 2274
391 375
391 1615
391 1683
391 2382
392 27
392 55
392 293
392 1865
393 18
393 1110
393 1982
393 2026
394 988
394 1590
394 2349
394 2437
395 138
395 934
395 1091
395 1137
396 28
396 843
396 2042
396 2060
397 254
397 1331
397 1744
397 2453
398 271
398 348
398 472
398 1244
399 511
399 1424
399 1687
399 2063
400 35
400 447
400 1255
400 2387
401 261
401 306
401 1441
401 2204
402 237
402 722
402 1392
402 1797
403 25
403 29
403 98
403 641
404 301
404 499
404 782
404 1377
405 195
405 324
405 596
405 2448
406 992
406 1565
406 1783
406 1843
407 211
407 694
407 1445
407 1947
408 541
408 844
408 1111
408 1825
409 435
409 475
409 1104
409 1635
410 816
410 845
410 1573
410 2275
411 907
411 918
411 979
411 1351
412 49
412 453
412 692
412 1809
413 325
413 517
413 1195
413 1209
414 106
414 243
414 879
414 2360
415 228
415 397
415 1592
415 2472
416 18
416 1220
416 1390
416 1532
417 461
417 964
417 1140
417 1286
418 317
418 695
418 1976
418 2097
419 257
419 601
419 946
419 1949
420 690
420 821
420 1938
420 2085
421 8
421 1615
421 1986
421 2075
422 561
422 731
422 893
422 2265
423 489
423 1331
423 1999
423 2347
424 31
424 1116
424 1685
424 1711
425 211
425 1055
425 1493
425 2259
426 596
426 1281
426 1958
426 2420
427 72
427 924
427 1384
427 2371
428 23
428 85
428 965
428 1218
429 1735
429 2254
429 2376
429 2394
430 1021
430 1168
430 1837
430 2291
431 394
431 405
431 1626
431 1787
432 551
432 1274
432 1427
432 1441
433 726
433 2082
433 2124
433 2233
434 140
434 1239
434 1620
434 2287
435 474
435 852
435 1727
435 2248
436 477
436 490
436 737
436 2417
437 1069
437 1266
437 1369
437 1805
438 74
438 249
438 998
438 1515
439 24
439 361
439 749
439 1825
440 344
440 722
440 755
440 1607
441 81
441 1073
441 1772
441 2300
442 575
442 757
442 1082
442 2314
443 210
443 957
443 2360
443 2458
444 99
444 162
444 715
444 2129
445 202
445 1184
445 1420
445 1672
446 1024
446 1613
446 2020
446 2189
447 576
447 668
447 1251
447 2093
448 493
448 972
448 1628
448 2224
449 532
449 921
449 1080
449 1594
450 157
450 1026
450 1726
450 2432
451 1345
451 1421
451 1629
451 2269
452 656
452 870
452 1256
452 2094
453 751
453 1009
453 1170
453 1953
454 413
454 694
454 1479
454 2371
455 70
455 234
455 1134
455 1757
456 1358
456 1983
456 2184
456 2207
457 774
457 2161
457 2201
457 2228
458 115
458 831
458 906
458 1139
459 1336
459 1790
459 2185
459 2438
460 83
460 96
460 213
460 1545
461 113
461 935
461 1263
461 1393
462 783
462 1888
462 2095
462 2114
463 206
463 263
463 2003
463 2122
464 841
464 1224
464 1288
464 1719
465 450
465 1397
465 1418
465 1738
466 1026
466 1049
466 1424
466 1688
467 85
467 764
467 855
467 2420
468 561
468 1029
468 2084
468 2087
469 699
469 858
469 1902
469 2328
470 228
470 921
470 1395
470 1830
471 845
471 1704
471 1830
471 2325
472 161
472 1965
472 2266
472 2412
473 203
473 747
473 1105
473 1902
474 521
474 1610
474 2388
474 2469
475 158
475 2038
475 2080
475 2498
476 286
476 386
476 1722
476 1907
477 800
477 1092
477 1226
477 1842
478 332
478 951
478 1246
478 1969
479 193
479 517
479 1430
479 1595
480 218
480 589
480 670
480 1523
481 133
481 588
481 2106
481 2339
482 228
482 782
482 1778
482 1874
483 749
483 1007
483 1036
483 1493
484 20
484 99
484 1976
484 2310
485 450
485 507
485 563
485 1810
486 485
486 1304
486 1584
486 2415
487 697
487 1109
487 2220
487 2303
488 19
488 450
488 1338
488 1691
489 541
489 1300
489 1875
489 2302
490 781
490 1382
490 1739
490 2405
491 18
491 1382
491 1475
491 2470
492 533
492 970
492 1412
492 1625
493 73
493 227
493 380
493 665
494 99
494 171
494 1645
494 1807
495 926
495 1157
495 1537
495 1811
496 889
496 1239
496 1306
496 2010
497 721
497 1145
497 2351
497 2449
498 956
498 1456
498 2194
498 2197
499 682
499 769
499 1229
499 1952
500 946
500 956
500 1293
500 2284
501 369
501 1829
501 1929
501 1995
502 1331
502 1866
502 1892
502 2228
503 1079
503 1373
503 1659
503 1748
504 268
504 1614
504 2397
504 2452
505 49
505 1885
505 1927
505 2006
506 462
506 1110
506 1536
506 1658
507 121
507 246
507 825
507 1715
508 792
508 1031
508 1570
508 1939
509 1200
509 1588
509 1980
509 2226
510 613
510 1140
510 1959
510 2354
511 348
511 765
511 1083
511 1328
512 118
512 1170
512 1471
512 2356
513 419
513 1058
513 1282
513 2359
514 1365
514 1529
514 1715
514 1724
515 574
515 936
515 1537
515 2390
516 418
516 1016
516 1270
516 1840
517 224
517 733
517 837
517 1446
518 922
518 1467
518 2181
518 2217
519 659
519 870
519 1088
519 1735
520 200
520 1274
520 1344
520 1458
521 314
521 1344
521 1719
521 2010
522 588
522 1194
522 1245
522 1561
523 749
523 1203
523 2195
523 2357
524 1455
524 1598
524 2182
524 2343
525 310
525 1466
525 1888
525 2387
526 1023
526 1109
526 2148
526 2399
527 313
527 734
527 1426
527 1564
528 425
528 531
528 964
528 1760
529 887
529 1602
529 2284
529 2350
530 280
530 2114
530 2163
530 2449
531 1337
531 1514
531 2089
531 2498
532 112
532 1937
532 2291
532 2412
533 389
533 1100
533 1593
533 1964
534 227
534 921
534 989
534 1440
535 368
535 547
535 1613
535 2480
536 231
536 582
536 1138
536 2123
537 57
537 800
537 2298
537 2304
538 517
538 1239
538 1292
538 2428
539 367
539 874
539 1181
539 1805
540 198
540 1532
540 2046
540 2210
541 1030
541 1265
541 1439
541 1564
542 334
542 784
542 2021
542 2094
543 52
543 231
543 1542
543 1677
544 435
544 495
544 521
544 2297
545 902
545 1607
545 2317
545 2420
546 457
546 790
546 1127
546 2372
547 324
547 611
547 2209
547 2416
548 399
548 947
548 1417
548 2003
549 1016
549 1276
549 1428
549 2460
550 448
550 1664
550 1746
550 2011
551 352
551 578
551 1091
551 1127
552 153
552 637
552 1201
552 1651
553 446
553 792
553 943
553 2221
554 1053
554 1145
554 1940
554 2388
555 86
555 132
555 305
555 1468
556 214
556 646
556 1145
556 1619
557 359
557 546
557 1738
557 2059
558 567
558 1480
558 2073
558 2491
559 175
559 1127
559 1217
559 1433
560 466
560 848
560 1136
560 1606
561 50
561 1518
561 1965
561 2138
562 429
562 622
562 1315
562 1555
563 166
563 396
563 2026
563 2411
564 473
564 1038
564 1129
564 1462
565 838
565 1684
565 1854
565 1958
566 561
566 920
566 1947
566 2416
567 347
567 925
567 1512
567 1522
568 706
568 831
568 1622
568 2055
569 374
569 1102
569 1419
569 2110
570 75
570 76
570 1032
570 1193
571 747
571 762
571 1629
571 2472
572 566
572 864
572 1704
572 2227
573 88
573 421
573 961
573 1616
574 714
574 773
574 1566
574 1917
575 115
575 372
575 1968
575 2318
576 780
576 1035
576 1121
576 1880
577 20
577 1361
577 1364
577 2420
578 72
578 293
578 1342
578 2032
579 506
579 733
579 2359
579 2499
580 469
580 1098
580 1997
580 2084
581 196
581 1670
581 1722
581 1966
582 63
582 546
582 806
582 1401
583 975
583 1582
583 1743
583 2143
584 109
584 994
584 1258
584 2498
585 126
585 169
585 303
585 1302
586 844
586 1812
586 1987
586 2354
587 442
587 1006
587 1265
587 1296
588 829
588 1289
588 1481
588 1996
589 630
589 1106
589 1252
589 1912
590 401
590 989
590 1239
590 1965
591 750
591 1261
591 1468
591 1812
592 851
592 1427
592 1620
592 2070
593 54
593 814
593 1117
593 1361
594 541
594 1619
594 2199
594 2233
595 170
595 443
595 907
595 1953
596 461
596 1186
596 1374
596 2276
597 229
597 411
597 1414
597 1753
598 83
598 336
598 1098
598 1502
599 531
599 717
599 1383
599 1407
600 60
600 361
600 2351
600 2352
601 514
601 777
601 2151
601 2366
602 327
602 1355
602 1926
602 2339
603 41
603 1123
603 1210
603 1511
604 650
604 694
604 1790
604 2059
605 70
605 248
605 277
605 1558
606 363
606 1073
606 1683
606 2134
607 492
607 1841
607 1904
607 1944
608 712
608 1179
608 1329
608 1615
609 310
609 652
609 721
609 1789
610 576
610 588
610 1290
610 1611
611 1138
611 1752
611 2030
611 2445
612 280
612 918
612 973
612 2106
613 177
613 840
613 1926
613 1936
614 24
614 377
614 1618
614 1980
615 609
615 992
615 1052
615 1927
616 184
616 429
616 727
616 2008
617 502
617 973
617 1789
617 2436
618 340
618 665
618 1387
618 2179
619 485
619 874
619 1230
619 2139
620 1171
620 1879
620 2180
620 2243
621 355
621 972
621 1931
621 2379
622 632
622 782
622 1987
622 2301
623 581
623 758
623 1224
623 1379
624 1038
624 1587
624 1725
624 1809
625 300
625 1289
625 1536
625 1855
626 499
626 605
626 1926
626 2103
627 98
627 590
627 2380
627 2467
628 1793
628 1803
628 1948
628 2420
629 933
629 1245
629 1850
629 2428
630 960
630 1359
630 1539
630 1632
631 613
631 1075
631 1765
631 1952
632 239
632 375
632 417
632 1330
633 87
633 606
633 1485
633 1518
634 653
634 1202
634 1417
634 2455
635 389
635 574
635 1550
635 2115
636 462
636 981
636 1185
636 2183
637 124
637 818
637 1430
637 2041
638 741
638 943
638 1022
638 1109
639 1079
639 1309
639 1867
639 2208
640 118
640 1156
640 1379
640 1440
641 288
641 1255
641 2039
641 2424
642 71
642 1449
642 2187
642 2285
643 78
643 665
643 851
643 2009
644 793
644 1684
644 1813
644 1919
645 60
645 430
645 813
645 922
646 862
646 1523
646 1629
646 2356
647 48
647 1154
647 1716
647 1977
648 402
648 626
648 1006
648 1072
649 209
649 1096
649 1551
649 2417
650 171
650 463
650 1771
650 1894
651 172
651 205
651 1452
651 1677
652 446
652 658
652 1468
652 1764
653 164
653 378
653 450
653 2464
654 1117
654 1260
654 1410
654 2424
655 373
655 1279
655 1784
655 2317
656 185
656 874
656 939
656 1745
657 405
657 877
657 1483
657 2299
658 17
658 488
658 717
658 1629
659 734
659 747
659 1833
659 1900
660 479
660 556
660 990
660 2013
661 998
661 1364
661 1504
661 2162
662 475
662 1484
662 1536
662 2432
663 893
663 1726
663 2126
663 2431
664 959
664 1472
664 2116
664 2157
665 1214
665 1545
665 1607
665 2133
666 211
666 495
666 1892
666 1894
667 224
667 608
667 1865
667 1908
668 275
668 376
668 1818
668 2379
669 1098
669 1557
669 1558
669 2324
670 1104
670 1416
670 1887
670 2429
671 441
671 1249
671 1631
671 2481
672 453
672 819
672 2214
672 2323
673 531
673 1080
673 1286
673 2275
674 11
674 785
674 1220
674 1461
675 250
675 386
675 883
675 1100
676 140
676 526
676 1310
676 1670
677 304
677 1083
677 1528
677 1590
678 812
678 1153
678 1588
678 2299
679 132
679 473
679 1343
679 2202
680 778
680 858
680 1148
680 2375
681 220
681 354
681 1082
681 1760
682 496
682 672
682 955
682 1227
683 254
683 406
683 433
683 2324
684 1480
684 1808
684 1976
684 2208
685 1010
685 1248
685 1485
685 1619
686 547
686 625
686 1543
686 1891
687 1457
687 1799
687 1845
687 1899
688 873
688 1127
688 1376
688 2334
689 903
689 1513
689 1839
689 2425
690 739
690 1199
690 1407
690 1559
691 898
691 1362
691 1390
691 1772
692 403
692 1070
692 1135
692 1809
693 471
693 769
693 1201
693 1227
694 805
694 872
694 1988
694 2398
695 182
695 1299
695 1832
695 2370
696 207
696 568
696 2108
696 2326
697 135
697 1590
697 1606
697 2204
698 509
698 619
698 1210
698 2345
699 255
699 650
699 1398
699 2299
700 841
700 1890
700 2319
700 2387
701 418
701 1327
701 1348
701 1367
702 363
702 2136
702 2346
702 2408
703 266
703 385
703 1754
703 2250
704 792
704 1291
704 1678
704 2272
705 1568
705 1753
705 2145
705 2418
706 9
706 157
706 1149
706 1446
707 85
707 148
707 714
707 882
708 908
708 993
708 1460
708 1542
709 438
709 1213
709 1480
709 1590
710 1556
710 1706
710 2173
710 2488
711 283
711 286
711 1181
711 2311
712 132
712 669
712 1571
712 1868
713 602
713 1042
713 1105
713 1921
714 573
714 1049
714 1121
714 1175
715 365
715 454
715 555
715 1347
716 328
716 423
716 1009
716 2452
717 780
717 1048
717 1141
717 2325
718 238
718 769
718 1327
718 2449
719 1345
719 1801
719 1947
719 2384
720 350
720 1417
720 1678
720 2351
721 207
721 520
721 2169
721 2455
722 327
722 1359
722 1764
722 1911
723 247
723 817
723 1143
723 2301
724 1251
724 1941
724 2138
724 2402
725 58
725 489
725 1455
725 2194
726 801
726 1693
726 1821
726 2350
727 926
727 1034
727 1534
727 2170
728 1350
728 1571
728 1857
728 2284
729 1123
729 1255
729 1654
729 2064
730 1467
730 1701
730 1788
730 2480
731 276
731 1063
731 1483
731 1509
732 82
732 113
732 206
732 2111
733 868
733 1262
733 1643
733 2335
734 193
734 1119
734 1340
734 2349
735 39
735 324
735 1475
735 2109
736 299
736 390
736 441
736 1811
737 448
737 1464
737 1470
737 1905
738 432
738 1487
738 1589
738 1670
739 296
739 1100
739 1226
739 2135
740 95
740 781
740 1914
740 2137
741 1775
741 1945
741 2127
741 2260
742 33
742 500
742 508
742 1743
743 67
743 1103
743 1545
743 1846
744 54
744 665
744 1987
744 2161
745 231
745 543
745 2188
745 2255
746 996
746 1372
746 1931
746 2179
747 512
747 793
747 1278
747 2375
748 125
748 157
748 829
748 998
749 941
749 1177
749 2016
749 2246
750 956
750 1557
750 2014
750 2188
751 191
751 211
751 1352
751 2249
752 295
752 824
752 1107
752 2386
753 60
753 278
753 1913
753 2472
754 105
754 984
754 1809
754 1966
755 1107
755 1853
755 1966
755 2320
756 313
756 599
756 1305
756 1758
757 1282
757 1592
757 1868
757 1907
758 438
758 1829
758 2121
758 2204
759 665
759 957
759 1027
759 2308
760 845
760 1428
760 1810
760 1894
761 951
761 1640
761 2236
761 2474
762 85
762 151
762 1848
762 1945
763 207
763 1388
763 1410
763 1653
764 201
764 633
764 761
764 1040
765 1283
765 1340
765 1545
765 1836
766 505
766 901
766 1023
766 2223
767 926
767 1695
767 1862
767 2469
768 804
768 950
768 1006
768 1801
769 839
769 986
769 1641
769 1749
770 192
770 214
770 620
770 2283
771 548
771 1338
771 1940
771 2426
772 1287
772 1939
772 2302
772 2442
773 149
773 373
773 926
773 1460
774 1264
774 1883
774 2237
774 2328
775 967
775 1356
775 1780
775 2314
776 1965
776 2022
776 2343
776 2388
777 560
777 581
777 1043
777 1926
778 932
778 1332
778 1499
778 2092
779 331
779 688
779 929
779 1911
780 350
780 1838
780 2190
780 2500
781 314
781 371
781 2121
781 2479
782 236
782 2391
782 2422
782 2469
783 392
783 455
783 1649
783 2147
784 115
784 579
784 1060
784 1926
785 241
785 406
785 696
785 1380
786 897
786 1056
786 1876
786 2241
787 62
787 1451
787 2019
787 2484
788 695
788 848
788 991
788 2357
789 1209
789 1631
789 1794
789 2475
790 84
790 439
790 699
790 2240
791 52
791 368
791 1399
791 2070
792 1073
792 1198
792 1510
792 2351
793 566
793 907
793 1750
793 2450
794 227
794 895
794 1649
794 1772
795 843
795 1042
795 1292
795 1708
796 1408
796 1552
796 1583
796 2460
797 158
797 655
797 2144
797 2395
798 156
798 1709
798 1725
798 2355
799 849
799 1193
799 1782
799 2020
800 445
800 457
800 2015
800 2131
801 384
801 728
801 863
801 872
802 713
802 861
802 1178
802 2220
803 265
803 904
803 1453
803 1823
804 891
804 1504
804 1731
804 2377
805 344
805 525
805 606
805 837
806 510
806 600
806 880
806 1451
807 174
807 1021
807 1811
807 2114
808 445
808 461
808 1034
808 2039
809 524
809 1182
809 1800
809 1836
810 479
810 597
810 742
810 831
811 40
811 744
811 1433
811 2001
812 314
812 1395
812 1722
812 1727
813 121
813 800
813 1183
813 2171
814 1220
814 1293
814 1575
814 2113
815 138
815 1347
815 1547
815 2246
816 579
816 729
816 1994
816 2312
817 1070
817 1223
817 1958
817 2196
818 339
818 907
818 1577
818 1917
819 779
819 1289
819 1834
819 2008
820 1160
820 1298
820 2018
820 2162
821 298
821 1370
821 1634
821 2095
822 387
822 411
822 844
822 2276
823 278
823 961
823 1340
823 1723
824 1039
824 1537
824 2192
824 2413
825 241
825 943
825 2126
825 2167
826 654
826 951
826 1669
826 2452
827 556
827 1914
827 1996
827 2417
828 1236
828 1508
828 2327
828 2440
829 2009
829 2160
829 2209
829 2344
830 263
830 893
830 1625
830 2415
831 35
831 1957
831 2268
831 2347
832 635
832 1127
832 1351
832 1735
833 29
833 458
833 1023
833 1472
834 1260
834 1962
834 2246
834 2308
835 328
835 623
835 784
835 876
836 240
836 615
836 1763
836 2301
837 82
837 879
837 2410
837 2500
838 6
838 1081
838 1551
838 2173
839 711
839 1295
839 1378
839 1774
840 939
840 1119
840 1837
840 1958
841 286
841 409
841 1105
841 2148
842 102
842 140
842 1293
842 1648
843 872
843 1006
843 1099
843 1821
844 455
844 2169
844 2263
844 2415
845 254
845 1029
845 1186
845 1785
846 149
846 719
846 1420
846 2106
847 833
847 1424
847 1450
847 2179
848 108
848 835
848 1104
848 2331
849 196
849 1657
849 1769
849 2046
850 2104
850 2125
850 2164
850 2314
851 793
851 1080
851 2033
851 2178
852 1492
852 1630
852 1675
852 2128
853 319
853 472
853 842
853 1860
854 589
854 1342
854 1917
854 2437
855 1429
855 1914
855 2040
855 2165
856 167
856 711
856 1618
856 1875
857 141
857 788
857 804
857 2170
858 658
858 1133
858 1192
858 1800
859 1154
859 1436
859 1563
859 2389
860 1615
860 1671
860 1876
860 2189
861 802
861 970
861 1552
861 1773
862 486
862 1014
862 1484
862 1616
863 240
863 246
863 2043
863 2317
864 605
864 1009
864 1416
864 2402
865 279
865 1500
865 1890
865 2100
866 451
866 910
866 1324
866 2136
867 1044
867 1478
867 2303
867 2457
868 566
868 1679
868 2124
868 2200
869 248
869 1144
869 1398
869 1535
870 196
870 591
870 613
870 1560
871 48
871 429
871 652
871 852
872 421
872 1183
872 1601
872 2161
873 286
873 610
873 1146
873 2042
874 146
874 1260
874 1693
874 2306
875 274
875 793
875 1697
875 1983
876 477
876 1066
876 1170
876 1918
877 403
877 952
877 1744
877 2001
878 130
878 723
878 1286
878 1294
879 277
879 495
879 614
879 2242
880 818
880 1441
880 1984
880 2292
881 1747
881 1990
881 2432
881 2442
882 81
882 482
882 1210
882 1638
883 717
883 981
883 1291
883 2070
884 130
884 2035
884 2269
884 2485
885 403
885 1889
885 2339
885 2477
886 549
886 1406
886 2260
886 2311
887 317
887 855
887 866
887 927
888 339
888 779
888 1559
888 2452
889 1142
889 1368
889 1594
889 1662
890 972
890 1486
890 1698
890 1741
891 10
891 378
891 1540
891 1635
892 256
892 328
892 613
892 2359
893 845
893 915
893 1880
893 2147
894 346
894 392
894 927
894 2110
895 62
895 115
895 203
895 2360
896 61
896 274
896 564
896 1805
897 603
897 1229
897 1577
897 1583
898 212
898 1669
898 1717
898 2210
899 437
899 779
899 1278
899 1661
900 562
900 1585
900 2007
900 2105
901 116
901 1101
901 1907
901 2238
902 301
902 464
902 1840
902 2245
903 629
903 902
903 1381
903 2496
904 219
904 384
904 747
904 896
905 138
905 1317
905 1661
905 2006
906 1707
906 1843
906 2162
906 2405
907 837
907 1529
907 2066
907 2488
908 946
908 986
908 2248
908 2333
909 447
909 881
909 1406
909 2081
910 722
910 1408
910 1596
910 1650
911 245
911 393
911 1280
911 1793
912 51
912 1060
912 1225
912 2367
913 823
913 980
913 1971
913 2417
914 94
914 306
914 394
914 2174
915 231
915 976
915 1381
915 2141
916 863
916 1080
916 1670
916 2132
917 96
917 860
917 1692
917 2325
918 361
918 478
918 1948
918 2390
919 1571
919 1881
919 2131
919 2415
920 357
920 935
920 1442
920 1470
921 1122
921 1221
921 1425
921 1490
922 436
922 508
922 1535
922 2276
923 1102
923 1865
923 2058
923 2482
924 616
924 1319
924 2005
924 2146
925 115
925 1611
925 2087
925 2379
926 294
926 316
926 1095
926 1879
927 548
927 1430
927 1476
927 2084
928 1079
928 1087
928 1169
928 1428
929 973
929 1029
929 1470
929 1626
930 272
930 452
930 686
930 699
931 493
931 661
931 1347
931 2136
932 2
932 142
932 1360
932 1890
933 67
933 1751
933 1873
933 1891
934 190
934 568
934 1108
934 1988
935 518
935 625
935 882
935 1816
936 1181
936 1452
936 1521
936 1742
937 332
937 480
937 588
937 2258
938 1756
938 1953
938 2112
938 2236
939 1665
939 1679
939 2049
939 2091
940 1548
940 1730
940 1784
940 2134
941 1200
941 1365
941 1603
941 1619
942 750
942 1357
942 1875
942 2339
943 913
943 1852
943 1873
943 2022
944 541
944 1411
944 1516
944 1852
945 13
945 276
945 1451
945 2246
946 463
946 606
946 1453
946 2141
947 580
947 1114
947 1207
947 2363
948 172
948 639
948 1782
948 2306
949 380
949 807
949 1375
949 1456
950 1369
950 1543
950 1706
950 2412
951 876
951 884
951 1347
951 1551
952 1222
952 1414
952 1713
952 2335
953 985
953 1661
953 1735
953 2095
954 1309
954 1454
954 1542
954 2461
955 20
955 551
955 2086
955 2430
956 376
956 953
956 1109
956 2465
957 269
957 430
957 500
957 2239
958 347
958 682
958 1660
958 1817
959 900
959 1525
959 2016
959 2145
960 217
960 1840
960 2051
960 2227
961 1217
961 1341
961 1726
961 2019
962 264
962 480
962 2170
962 2497
963 117
963 1080
963 2386
963 2425
964 377
964 850
964 1346
964 2048
965 213
965 338
965 768
965 2363
966 161
966 397
966 926
966 2348
967 743
967 987
967 1740
967 2083
968 842
968 896
968 1038
968 1332
969 1274
969 1416
969 2019
969 2229
970 112
970 725
970 1561
970 1975
971 256
971 688
971 855
971 1108
972 326
972 1154
972 2025
972 2319
973 266
973 758
973 1526
973 2146
974 1280
974 1331
974 1960
974 2419
975 215
975 1833
975 1905
975 2160
976 196
976 1930
976 2335
976 2498
977 14
977 473
977 1880
977 2185
978 160
978 1546
978 1581
978 2394
979 459
979 802
979 878
979 1261
980 202
980 1697
980 1952
980 2408
981 643
981 2122
981 2261
981 2476
982 201
982 266
982 2013
982 2308
983 217
983 407
983 1056
983 1128
984 804
984 1359
984 2156
984 2389
985 253
985 593
985 1042
985 1912
986 448
986 801
986 1574
986 1745
987 377
987 563
987 1983
987 2009
988 279
988 645
988 1097
988 1546
989 608
989 801
989 1912
989 2384
990 515
990 655
990 1319
990 2090
991 180
991 1870
991 2164
991 2245
992 305
992 797
992 1598
992 2316
993 767
993 976
993 1146
993 1199
994 904
994 1656
994 1723
994 2400
995 984
995 1006
995 1501
995 1882
996 229
996 795
996 1993
996 2220
997 183
997 328
997 464
997 2054
998 947
998 1395
998 1846
998 2314
999 261
999 808
999 1845
999 2141
1000 1498
1000 1608
1000 1863
1000 2247
1001 56
1001 848
1001 907
1001 1635
1002 1208
1002 1239
1002 1417
1002 1684
1003 819
1003 1220
1003 1237
1003 2206
1004 49
1004 688
1004 1741
1004 1810
1005 598
1005 684
1005 1074
1005 1884
1006 1023
1006 1156
1006 1945
1006 2266
1007 115
1007 387
1007 1453
1007 2274
1008 483
1008 1041
1008 1306
1008 1722
1009 1474
1009 1783
1009 1990
1009 2097
1010 1608
1010 2138
1010 2221
1010 2413
1011 210
1011 689
1011 992
1011 1405
1012 1775
1012 1936
1012 2148
1012 2386
1013 39
1013 900
1013 1285
1013 1441
1014 1528
1014 2290
1014 2378
1014 2470
1015 1081
1015 1147
1015 1202
1015 2175
1016 551
1016 1598
1016 1652
1016 1740
1017 310
1017 1051
1017 1365
1017 2338
1018 567
1018 914
1018 952
1018 1372
1019 502
1019 806
1019 2125
1019 2152
1020 403
1020 715
1020 1346
1020 1837
1021 855
1021 1231
1021 1959
1021 2081
1022 565
1022 938
1022 1016
1022 2315
1023 61
1023 1096
1023 1383
1023 2264
1024 634
1024 975
1024 1542
1024 1880
1025 983
1025 1739
1025 1838
1025 2247
1026 1453
1026 1632
1026 2088
1026 2422
1027 470
1027 734
1027 876
1027 1928
1028 1071
1028 1195
1028 1481
1028 2132
1029 418
1029 923
1029 1615
1029 1735
1030 737
1030 1490
1030 1723
1030 2453
1031 52
1031 1080
1031 1143
1031 2353
1032 281
1032 679
1032 695
1032 2111
1033 112
1033 235
1033 498
1033 2153
1034 863
1034 931
1034 2002
1034 2091
1035 299
1035 1084
1035 1523
1035 1706
1036 119
1036 1121
1036 1903
1036 2211
1037 171
1037 854
1037 1323
1037 2315
1038 179
1038 393
1038 1495
1038 1909
1039 237
1039 470
1039 1149
1039 2294
1040 110
1040 705
1040 1503
1040 1921
1041 914
1041 1023
1041 1432
1041 2190
1042 258
1042 638
1042 653
1042 1824
1043 243
1043 301
1043 462
1043 1985
1044 960
1044 1714
1044 2115
1044 2246
1045 824
1045 922
1045 1046
1045 2486
1046 477
1046 1042
1046 1302
1046 2419
1047 688
1047 1889
1047 2035
1047 2457
1048 184
1048 824
1048 1608
1048 1712
1049 348
1049 930
1049 1445
1049 2419
1050 91
1050 971
1050 1520
1050 2461
1051 563
1051 1222
1051 1581
1051 2257
1052 1178
1052 1344
1052 1426
1052 1706
1053 329
1053 1022
1053 1036
1053 1650
1054 819
1054 905
1054 913
1054 2033
1055 980
1055 1113
1055 1430
1055 2002
1056 75
1056 1409
1056 1472
1056 2410
1057 208
1057 306
1057 568
1057 2179
1058 362
1058 1267
1058 1428
1058 1884
1059 340
1059 523
1059 901
1059 2234
1060 332
1060 681
1060 1600
1060 1610
1061 322
1061 1140
1061 1366
1061 2106
1062 408
1062 1144
1062 1456
1062 1497
1063 922
1063 1218
1063 1407
1063 1621
1064 447
1064 562
1064 787
1064 1494
1065 218
1065 413
1065 963
1065 1191
1066 998
1066 1284
1066 1788
1066 1981
1067 25
1067 389
1067 1569
1067 1978
1068 330
1068 1458
1068 1899
1068 2464
1069 1683
1069 2053
1069 2280
1069 2292
1070 439
1070 517
1070 1540
1070 2420
1071 58
1071 609
1071 1014
1071 1317
1072 436
1072 578
1072 1003
1072 1923
1073 355
1073 1048
1073 2384
1073 2392
1074 845
1074 1188
1074 1497
1074 1605
1075 72
1075 147
1075 1162
1075 1389
1076 324
1076 1793
1076 2278
1076 2378
1077 1141
1077 1641
1077 2322
1077 2454
1078 318
1078 821
1078 1527
1078 2253
1079 1046
1079 1245
1079 1319
1079 1445
1080 908
1080 2373
1080 2384
1080 2494
1081 191
1081 731
1081 1101
1081 2099
1082 1642
1082 2164
1082 2181
1082 2377
1083 208
1083 1002
1083 1666
1083 2434
1084 237
1084 389
1084 439
1084 1750
1085 1113
1085 1370
1085 2279
1085 2284
1086 536
1086 750
1086 1096
1086 2386
1087 622
1087 1019
1087 1469
1087 2137
1088 15
1088 1849
1088 1978
1088 2393
1089 690
1089 861
1089 1728
1089 2347
1090 680
1090 1034
1090 1567
1090 1854
1091 12
1091 1042
1091 1639
1091 1876
1092 42
1092 1067
1092 2008
1092 2412
1093 39
1093 350
1093 1617
1093 2266
1094 382
1094 566
1094 1279
1094 1782
1095 1131
1095 1991
1095 2407
1095 2436
1096 181
1096 275
1096 904
1096 2034
1097 95
1097 158
1097 982
1097 1412
1098 693
1098 950
1098 1206
1098 1617
1099 8
1099 164
1099 2155
1099 2360
1100 78
1100 579
1100 971
1100 1849
1101 59
1101 125
1101 392
1101 1591
1102 161
1102 1703
1102 1849
1102 1890
1103 64
1103 248
1103 923
1103 1743
1104 399
1104 820
1104 1160
1104 2165
1105 147
1105 425
1105 529
1105 2449
1106 517
1106 639
1106 1865
1106 1917
1107 998
1107 1058
1107 1219
1107 1443
1108 1020
1108 1220
1108 2058
1108 2264
1109 1451
1109 1632
1109 1970
1109 2315
1110 252
1110 1759
1110 2377
1110 2496
1111 666
1111 691
1111 1728
1111 2133
1112 1293
1112 1658
1112 2342
1112 2406
1113 1621
1113 2033
1113 2074
1113 2325
1114 398
1114 451
1114 1452
1114 1625
1115 523
1115 941
1115 1375
1115 2155
1116 90
1116 171
1116 1229
1116 1362
1117 86
1117 1790
1117 1939
1117 2093
1118 457
1118 461
1118 1009
1118 2237
1119 647
1119 1443
1119 1610
1119 2059
1120 1754
1120 2098
1120 2146
1120 2483
1121 257
1121 685
1121 1290
1121 2189
1122 454
1122 643
1122 860
1122 1451
1123 951
1123 1008
1123 1211
1123 2236
1124 420
1124 1682
1124 2280
1124 2449
1125 444
1125 1078
1125 1892
1125 2185
1126 253
1126 537
1126 1421
1126 2273
1127 1045
1127 1135
1127 1958
1127 2070
1128 19
1128 509
1128 619
1128 1893
1129 599
1129 673
1129 1234
1129 1504
1130 150
1130 411
1130 900
1130 2093
1131 130
1131 773
1131 797
1131 1141
1132 1757
1132 1835
1132 1883
1132 2025
1133 3
1133 320
1133 1069
1133 1607
1134 643
1134 1076
1134 1605
1134 2392
1135 127
1135 1194
1135 1527
1135 2196
1136 536
1136 1248
1136 1742
1136 2142
1137 283
1137 971
1137 1436
1137 2489
1138 854
1138 1349
1138 1603
1138 1702
1139 126
1139 804
1139 2211
1139 2217
1140 307
1140 2255
1140 2261
1140 2396
1141 1073
1141 1085
1141 2200
1141 2474
1142 286
1142 491
1142 1871
1142 2444
1143 16
1143 240
1143 847
1143 1282
1144 46
1144 148
1144 343
1144 1238
1145 554
1145 596
1145 1033
1145 2410
1146 1134
1146 1270
1146 1629
1146 2091
1147 73
1147 376
1147 1894
1147 2205
1148 644
1148 1334
1148 2211
1148 2445
1149 708
1149 1666
1149 2165
1149 2408
1150 877
1150 1798
1150 1851
1150 2162
1151 314
1151 1059
1151 1343
1151 2402
1152 352
1152 376
1152 1073
1152 2154
1153 185
1153 1856
1153 1953
1153 2495
1154 1282
1154 1408
1154 1467
1154 1923
1155 400
1155 1378
1155 1901
1155 2224
1156 235
1156 1045
1156 1983
1156 2176
1157 462
1157 1249
1157 1488
1157 2151
1158 550
1158 967
1158 1594
1158 1957
1159 140
1159 889
1159 1794
1159 2415
1160 196
1160 1415
1160 1427
1160 1454
1161 11
1161 49
1161 598
1161 1115
1162 637
1162 921
1162 1184
1162 1901
1163 141
1163 232
1163 503
1163 587
1164 398
1164 476
1164 1368
1164 2083
1165 1030
1165 1823
1165 2326
1165 2440
1166 555
1166 729
1166 1813
1166 1822
1167 566
1167 700
1167 754
1167 2242
1168 128
1168 443
1168 1908
1168 1966
1169 102
1169 192
1169 561
1169 2444
1170 266
1170 707
1170 1334
1170 1577
1171 100
1171 175
1171 625
1171 2292
1172 1165
1172 1344
1172 1385
1172 2295
1173 458
1173 696
1173 1403
1173 1766
1174 557
1174 1170
1174 1761
1174 2031
1175 168
1175 760
1175 829
1175 1681
1176 1058
1176 1907
1176 2071
1176 2090
1177 211
1177 756
1177 1217
1177 2319
1178 48
1178 612
1178 848
1178 1639
1179 294
1179 558
1179 779
1179 1084
1180 267
1180 1231
1180 1344
1180 1718
1181 1390
1181 1604
1181 1741
1181 2000
1182 102
1182 448
1182 771
1182 1972
1183 814
1183 1700
1183 1939
1183 2296
1184 202
1184 304
1184 796
1184 1307
1185 863
1185 923
1185 1636
1185 2301
1186 427
1186 615
1186 1294
1186 1654
1187 302
1187 1296
1187 1644
1187 2138
1188 1786
1188 1788
1188 1927
1188 2374
1189 1416
1189 1436
1189 2453
1189 2471
1190 373
1190 901
1190 953
1190 1101
1191 85
1191 1289
1191 1546
1191 2299
1192 413
1192 568
1192 979
1192 1149
1193 896
1193 1062
1193 1459
1193 2179
1194 1050
1194 1160
1194 1627
1194 2351
1195 33
1195 1147
1195 1179
1195 1329
1196 232
1196 289
1196 1555
1196 1844
1197 369
1197 493
1197 507
1197 1905
1198 194
1198 412
1198 589
1198 888
1199 1652
1199 1766
1199 2014
1199 2067
1200 54
1200 732
1200 1671
1200 1820
1201 743
1201 978
1201 1192
1201 1904
1202 477
1202 972
1202 1337
1202 2363
1203 1012
1203 1332
1203 1958
1203 2281
1204 701
1204 998
1204 2423
1204 2458
1205 71
1205 437
1205 457
1205 867
1206 904
1206 1026
1206 1812
1206 2026
1207 262
1207 924
1207 1038
1207 2075
1208 505
1208 690
1208 1217
1208 1833
1209 277
1209 680
1209 1384
1209 1630
1210 308
1210 905
1210 1757
1210 2395
1211 1397
1211 1852
1211 1922
1211 2162
1212 200
1212 459
1212 1019
1212 1461
1213 282
1213 658
1213 1583
1213 2067
1214 26
1214 523
1214 692
1214 1546
1215 408
1215 2033
1215 2117
1215 2414
1216 1030
1216 1092
1216 1202
1216 2454
1217 685
1217 745
1217 1777
1217 2449
1218 141
1218 1201
1218 1459
1218 2487
1219 816
1219 1849
1219 1859
1219 2048
1220 64
1220 1033
1220 1501
1220 2360
1221 16
1221 1459
1221 2280
1221 2399
1222 943
1222 1605
1222 2220
1222 2480
1223 1233
1223 1716
1223 2060
1223 2102
1224 66
1224 465
1224 2230
1224 2318
1225 681
1225 815
1225 928
1225 2272
1226 52
1226 700
1226 2273
1226 2462
1227 445
1227 1140
1227 1223
1227 1345
1228 663
1228 1137
1228 1589
1228 2267
1229 8
1229 221
1229 845
1229 2071
1230 1088
1230 1150
1230 1562
1230 1802
1231 291
1231 1532
1231 2041
1231 2205
1232 33
1232 591
1232 788
1232 1232
1233 153
1233 1541
1233 1704
1233 1830
1234 46
1234 237
1234 699
1234 1885
1235 940
1235 1705
1235 2005
1235 2008
1236 514
1236 1129
1236 1648
1236 2124
1237 241
1237 394
1237 481
1237 2462
1238 460
1238 1263
1238 1488
1238 2177
1239 735
1239 1231
1239 1737
1239 1876
1240 779
1240 1351
1240 1354
1240 2249
1241 692
1241 1365
1241 2115
1241 2386
1242 617
1242 863
1242 1846
1242 2207
1243 474
1243 500
1243 1624
1243 1650
1244 705
1244 1261
1244 1357
1244 1584
1245 59
1245 311
1245 784
1245 796
1246 1022
1246 1775
1246 2116
1246 2290
1247 125
1247 259
1247 993
1247 2353
1248 181
1248 954
1248 1545
1248 1569
1249 464
1249 1835
1249 2005
1249 2130
1250 88
1250 1254
1250 1275
1250 2380
1251 23
1251 474
1251 1748
1251 2350
1252 372
1252 1081
1252 1103
1252 1857
1253 116
1253 253
1253 267
1253 1375
1254 285
1254 608
1254 1163
1254 1534
1255 551
1255 700
1255 1985
1255 2010
1256 577
1256 1283
1256 1938
1256 2460
1257 1324
1257 1562
1257 1722
1257 1881
1258 575
1258 964
1258 1182
1258 2170
1259 202
1259 238
1259 1848
1259 2236
1260 325
1260 514
1260 951
1260 1230
1261 785
1261 1089
1261 1215
1261 1802
1262 176
1262 206
1262 512
1262 628
1263 993
1263 1169
1263 1572
1263 2086
1264 69
1264 365
1264 958
1264 1309
1265 288
1265 1001
1265 1312
1265 2115
1266 41
1266 1009
1266 1336
1266 1688
1267 967
1267 1384
1267 2255
1267 2378
1268 919
1268 1084
1268 1678
1268 2250
1269 383
1269 520
1269 1133
1269 1664
1270 144
1270 1055
1270 2358
1270 2397
1271 947
1271 1789
1271 1811
1271 2302
1272 129
1272 678
1272 1056
1272 1156
1273 354
1273 1058
1273 2075
1273 2470
1274 117
1274 308
1274 518
1274 1003
1275 288
1275 645
1275 1690
1275 2109
1276 914
1276 1792
1276 1815
1276 1820
1277 153
1277 682
1277 698
1277 979
1278 986
1278 1683
1278 1817
1278 2357
1279 60
1279 105
1279 1129
1279 1145
1280 234
1280 1255
1280 1459
1280 2343
1281 134
1281 300
1281 1102
1281 1233
1282 100
1282 869
1282 1221
1282 1592
1283 532
1283 752
1283 2324
1283 2458
1284 273
1284 1388
1284 1525
1284 1906
1285 26
1285 1188
1285 1721
1285 1994
1286 1358
1286 1834
1286 1869
1286 2472
1287 164
1287 1162
1287 1226
1287 1970
1288 950
1288 1115
1288 1686
1288 1856
1289 876
1289 1368
1289 1547
1289 1700
1290 195
1290 616
1290 1624
1290 2076
1291 36
1291 948
1291 1106
1291 1871
1292 1381
1292 1416
1292 1983
1292 2213
1293 899
1293 1582
1293 1862
1293 2432
1294 329
1294 681
1294 1087
1294 1162
1295 817
1295 873
1295 1144
1295 2286
1296 1230
1296 1757
1296 1802
1296 2205
1297 310
1297 1632
1297 2065
1297 2238
1298 429
1298 1297
1298 2251
1298 2330
1299 420
1299 1330
1299 1452
1299 1761
1300 673
1300 1012
1300 1464
1300 1672
1301 428
1301 875
1301 999
1301 1644
1302 233
1302 651
1302 1852
1302 2442
1303 1145
1303 1146
1303 1898
1303 2430
1304 1349
1304 1377
1304 1979
1304 2114
1305 59
1305 632
1305 664
1305 1880
1306 912
1306 1785
1306 1808
1306 1812
1307 540
1307 1167
1307 1289
1307 1816
1308 241
1308 891
1308 1870
1308 1954
1309 1086
1309 1255
1309 2203
1309 2431
1310 697
1310 1009
1310 1301
1310 1978
1311 1350
1311 1359
1311 1401
1311 1630
1312 843
1312 1650
1312 1714
1312 1776
1313 574
1313 1096
1313 1573
1313 1785
1314 358
1314 849
1314 2175
1314 2279
1315 384
1315 387
1315 964
1315 1353
1316 65
1316 245
1316 885
1316 1107
1317 550
1317 878
1317 1405
1317 1831
1318 430
1318 848
1318 1326
1318 2191
1319 213
1319 1213
1319 2244
1319 2465
1320 1210
1320 1644
1320 1879
1320 2487
1321 150
1321 761
1321 1739
1321 1903
1322 689
1322 990
1322 2108
1322 2187
1323 680
1323 1725
1323 1742
1323 1962
1324 503
1324 1216
1324 2132
1324 2150
1325 698
1325 1192
1325 1222
1325 1586
1326 444
1326 973
1326 1588
1326 1738
1327 331
1327 601
1327 1288
1327 1332
1328 453
1328 1682
1328 1703
1328 1917
1329 379
1329 978
1329 1615
1329 2439
1330 900
1330 1061
1330 1088
1330 2057
1331 465
1331 985
1331 1794
1331 2140
1332 482
1332 853
1332 1680
1332 2435
1333 618
1333 1757
1333 2051
1333 2140
1334 1722
1334 1800
1334 2010
1334 2053
1335 179
1335 1064
1335 2122
1335 2389
1336 91
1336 595
1336 611
1336 2208
1337 85
1337 607
1337 961
1337 2248
1338 693
1338 714
1338 1350
1338 1971
1339 124
1339 973
1339 1313
1339 2500
1340 135
1340 186
1340 1557
1340 2019
1341 623
1341 1430
1341 2125
1341 2331
1342 430
1342 878
1342 1325
1342 1604
1343 943
1343 1729
1343 1841
1343 2306
1344 187
1344 1128
1344 1451
1344 1926
1345 12
1345 798
1345 917
1345 1559
1346 281
1346 407
1346 1536
1346 1906
1347 23
1347 456
1347 1342
1347 1452
1348 161
1348 566
1348 653
1348 1541
1349 1226
1349 1322
1349 1611
1349 2277
1350 418
1350 443
1350 713
1350 2238
1351 130
1351 872
1351 1126
1351 1566
1352 1337
1352 1718
1352 1720
1352 2447
1353 125
1353 176
1353 619
1353 989
1354 1232
1354 1695
1354 2207
1354 2476
1355 65
1355 1499
1355 1612
1355 1862
1356 266
1356 781
1356 800
1356 1647
1357 537
1357 1947
1357 2029
1357 2389
1358 1281
1358 1518
1358 1971
1358 2433
1359 82
1359 1090
1359 2157
1359 2263
1360 1090
1360 1720
1360 2145
1360 2305
1361 284
1361 860
1361 1325
1361 1964
1362 502
1362 1087
1362 1162
1362 2257
1363 529
1363 992
1363 2033
1363 2360
1364 706
1364 2013
1364 2060
1364 2481
1365 322
1365 1147
1365 2146
1365 2497
1366 81
1366 828
1366 1106
1366 1485
1367 165
1367 1406
1367 1770
1367 1961
1368 279
1368 323
1368 1024
1368 1254
1369 820
1369 1469
1369 1701
1369 2373
1370 227
1370 996
1370 1116
1370 1491
1371 355
1371 781
1371 1051
1371 1521
1372 307
1372 1347
1372 1723
1372 2294
1373 1101
1373 1370
1373 1927
1373 2414
1374 1618
1374 1670
1374 2124
1374 2468
1375 10
1375 488
1375 1572
1375 1786
1376 767
1376 976
1376 1123
1376 1474
1377 273
1377 1839
1377 1971
1377 2334
1378 1092
1378 1276
1378 1333
1378 1386
1379 569
1379 722
1379 859
1379 2450
1380 1048
1380 1181
1380 1364
1380 2063
1381 123
1381 648
1381 1820
1381 1951
1382 417
1382 1078
1382 2114
1382 2364
1383 495
1383 635
1383 918
1383 2266
1384 109
1384 774
1384 1289
1384 2185
1385 20
1385 629
1385 1894
1385 2316
1386 231
1386 964
1386 1278
1386 2146
1387 137
1387 1475
1387 1520
1387 2242
1388 493
1388 1054
1388 1074
1388 2171
1389 118
1389 454
1389 742
1389 1039
1390 1056
1390 1501
1390 1636
1390 2264
1391 12
1391 1506
1391 1784
1391 2058
1392 708
1392 903
1392 1395
1392 2140
1393 104
1393 833
1393 1212
1393 2479
1394 253
1394 1335
1394 1555
1394 1589
1395 966
1395 1038
1395 1357
1395 2092
1396 650
1396 812
1396 968
1396 1125
1397 238
1397 465
1397 583
1397 1253
1398 150
1398 914
1398 1599
1398 1760
1399 445
1399 1006
1399 1212
1399 1770
1400 409
1400 1102
1400 1392
1400 2337
1401 601
1401 1544
1401 2356
1401 2483
1402 1951
1402 2224
1402 2296
1402 2309
1403 1056
1403 1512
1403 1617
1403 2447
1404 1063
1404 2060
1404 2307
1404 2474
1405 314
1405 680
1405 808
1405 1854
1406 244
1406 1048
1406 1202
1406 1287
1407 313
1407 1553
1407 1581
1407 2049
1408 350
1408 1378
1408 1950
1408 2301
1409 390
1409 1009
1409 1365
1409 1524
1410 21
1410 55
1410 2122
1410 2185
1411 404
1411 702
1411 1317
1411 2105
1412 454
1412 981
1412 995
1412 1318
1413 957
1413 1123
1413 1447
1413 2306
1414 393
1414 630
1414 1482
1414 1966
1415 65
1415 570
1415 992
1415 1631
1416 865
1416 1354
1416 1604
1416 2091
1417 36
1417 1413
1417 1446
1417 1938
1418 380
1418 787
1418 1515
1418 1958
1419 485
1419 1252
1419 1438
1419 1904
1420 774
1420 1222
1420 1741
1420 2169
1421 240
1421 747
1421 1363
1421 1455
1422 1139
1422 1313
1422 1317
1422 2041
1423 907
1423 1195
1423 1420
1423 2201
1424 1331
1424 1416
1424 1802
1424 2381
1425 569
1425 893
1425 950
1425 1790
1426 222
1426 339
1426 763
1426 1612
1427 1321
1427 1384
1427 1785
1427 2125
1428 201
1428 1672
1428 1965
1428 2319
1429 1291
1429 1349
1429 1558
1429 2095
1430 988
1430 1189
1430 1748
1430 1842
1431 342
1431 1305
1431 2152
1431 2310
1432 155
1432 703
1432 1041
1432 1967
1433 100
1433 805
1433 1490
1433 1662
1434 184
1434 217
1434 694
1434 1847
1435 363
1435 402
1435 1243
1435 2500
1436 201
1436 671
1436 1426
1436 2047
1437 16
1437 307
1437 535
1437 622
1438 18
1438 1178
1438 2144
1438 2197
1439 161
1439 397
1439 1994
1439 2128
1440 26
1440 606
1440 1569
1440 1967
1441 76
1441 346
1441 663
1441 2237
1442 207
1442 274
1442 359
1442 555
1443 280
1443 1382
1443 1460
1443 1851
1444 373
1444 1180
1444 1537
1444 1775
1445 896
1445 1726
1445 1906
1445 2160
1446 42
1446 132
1446 858
1446 1537
1447 931
1447 1104
1447 1353
1447 1778
1448 66
1448 323
1448 850
1448 1259
1449 957
1449 1773
1449 1964
1449 2461
1450 810
1450 910
1450 918
1450 2045
1451 49
1451 793
1451 1690
1451 1925
1452 73
1452 875
1452 1940
1452 2343
1453 94
1453 529
1453 922
1453 1130
1454 141
1454 1050
1454 1746
1454 2081
1455 17
1455 277
1455 1076
1455 2077
1456 183
1456 866
1456 2083
1456 2340
1457 265
1457 352
1457 587
1457 1747
1458 1086
1458 1089
1458 1639
1458 2302
1459 19
1459 519
1459 2242
1459 2414
1460 577
1460 1351
1460 2043
1460 2338
1461 85
1461 673
1461 1101
1461 1524
1462 624
1462 1125
1462 1146
1462 1564
1463 642
1463 1044
1463 2064
1463 2447
1464 388
1464 1020
1464 2074
1464 2348
1465 204
1465 468
1465 780
1465 1570
1466 408
1466 943
1466 1022
1466 1745
1467 451
1467 1022
1467 2380
1467 2391
1468 451
1468 2070
1468 2330
1468 2418
1469 116
1469 1101
1469 2187
1469 2458
1470 1270
1470 1607
1470 1837
1470 1956
1471 349
1471 1068
1471 1910
1471 2048
1472 149
1472 451
1472 1859
1472 1866
1473 893
1473 1367
1473 1501
1473 2258
1474 391
1474 541
1474 2324
1474 2344
1475 258
1475 1055
1475 1159
1475 1464
1476 291
1476 375
1476 539
1476 1485
1477 1444
1477 1850
1477 2193
1477 2497
1478 531
1478 662
1478 716
1478 2102
1479 150
1479 358
1479 1173
1479 1600
1480 455
1480 674
1480 1054
1480 2483
1481 681
1481 737
1481 1427
1481 1854
1482 156
1482 385
1482 504
1482 1323
1483 819
1483 1265
1483 1516
1483 2216
1484 902
1484 907
1484 1694
1484 1915
1485 1192
1485 1257
1485 1449
1485 2083
1486 1633
1486 1833
1486 2056
1486 2288
1487 21
1487 690
1487 1934
1487 2342
1488 538
1488 670
1488 1518
1488 2228
1489 225
1489 302
1489 455
1489 1221
1490 7
1490 356
1490 392
1490 2480
1491 211
1491 341
1491 1588
1491 1853
1492 55
1492 582
1492 1200
1492 2032
1493 1015
1493 1082
1493 1574
1493 1976
1494 767
1494 1066
1494 1071
1494 1806
1495 153
1495 397
1495 1325
1495 1359
1496 635
1496 1308
1496 1617
1496 1877
1497 58
1497 313
1497 629
1497 1638
1498 91
1498 714
1498 1214
1498 1442
1499 1396
1499 1457
1499 1635
1499 2471
1500 293
1500 737
1500 1207
1500 2087
1501 127
1501 1934
1501 2025
1501 2423
1502 446
1502 1133
1502 1385
1502 1624
1503 219
1503 1225
1503 1332
1503 1440
1504 930
1504 1368
1504 2144
1504 2260
1505 602
1505 1241
1505 2243
1505 2366
1506 796
1506 933
1506 950
1506 1621
1507 241
1507 847
1507 1180
1507 1763
1508 536
1508 946
1508 1850
1508 2490
1509 617
1509 1388
1509 1793
1509 2417
1510 359
1510 1244
1510 1935
1510 2313
1511 617
1511 1237
1511 1459
1511 2459
1512 2
1512 141
1512 703
1512 1041
1513 339
1513 592
1513 969
1513 1280
1514 381
1514 1573
1514 1620
1514 2273
1515 551
1515 679
1515 951
1515 2339
1516 79
1516 1347
1516 1673
1516 1922
1517 808
1517 1737
1517 1779
1517 2193
1518 1301
1518 1953
1518 2239
1518 2462
1519 529
1519 1050
1519 2149
1519 2452
1520 378
1520 758
1520 1441
1520 1970
1521 233
1521 239
1521 1400
1521 1901
1522 1371
1522 1455
1522 1785
1522 2255
1523 442
1523 1638
1523 1978
1523 2336
1524 96
1524 170
1524 768
1524 1740
1525 410
1525 1499
1525 1889
1525 2051
1526 1593
1526 1972
1526 2361
1526 2460
1527 798
1527 1160
1527 1397
1527 2079
1528 85
1528 661
1528 1787
1528 2121
1529 297
1529 658
1529 1123
1529 2222
1530 159
1530 838
1530 1102
1530 1671
1531 129
1531 1103
1531 1363
1531 1758
1532 571
1532 1905
1532 2126
1532 2275
1533 6
1533 1100
1533 1909
1533 2389
1534 39
1534 129
1534 1661
1534 1712
1535 299
1535 2208
1535 2328
1535 2359
1536 240
1536 334
1536 1432
1536 1511
1537 604
1537 1796
1537 1924
1537 2167
1538 72
1538 1517
1538 1688
1538 2090
1539 271
1539 424
1539 557
1539 2262
1540 302
1540 1136
1540 1645
1540 2209
1541 389
1541 450
1541 1597
1541 2414
1542 598
1542 700
1542 822
1542 1809
1543 105
1543 388
1543 461
1543 663
1544 15
1544 1293
1544 1421
1544 2135
1545 1484
1545 2066
1545 2151
1545 2488
1546 91
1546 92
1546 1078
1546 1208
1547 285
1547 721
1547 726
1547 1346
1548 209
1548 367
1548 2179
1548 2246
1549 210
1549 457
1549 1238
1549 1597
1550 128
1550 1834
1550 2303
1550 2480
1551 114
1551 536
1551 1252
1551 1774
1552 726
1552 1444
1552 2119
1552 2122
1553 312
1553 458
1553 1002
1553 2062
1554 439
1554 556
1554 1171
1554 2129
1555 734
1555 815
1555 1533
1555 1926
1556 140
1556 846
1556 1804
1556 2421
1557 450
1557 636
1557 860
1557 2325
1558 465
1558 982
1558 1043
1558 1154
1559 535
1559 575
1559 1001
1559 1598
1560 1349
1560 2086
1560 2102
1560 2202
1561 165
1561 375
1561 754
1561 848
1562 183
1562 1366
1562 2169
1562 2465
1563 1038
1563 1703
1563 1934
1563 2460
1564 532
1564 1404
1564 1726
1564 2231
1565 690
1565 926
1565 1874
1565 2424
1566 408
1566 630
1566 747
1566 1076
1567 537
1567 564
1567 679
1567 824
1568 41
1568 185
1568 1211
1568 2109
1569 1756
1569 1808
1569 2322
1569 2340
1570 8
1570 383
1570 624
1570 1104
1571 744
1571 1392
1571 1843
1571 2438
1572 621
1572 1331
1572 1468
1572 1710
1573 305
1573 829
1573 1526
1573 2121
1574 933
1574 1377
1574 2081
1574 2249
1575 974
1575 1848
1575 1913
1575 2009
1576 290
1576 1315
1576 1946
1576 2319
1577 603
1577 1115
1577 1567
1577 2009
1578 435
1578 1024
1578 1339
1578 1437
1579 332
1579 836
1579 955
1579 1148
1580 265
1580 1604
1580 1630
1580 2112
1581 1032
1581 1870
1581 2303
1581 2343
1582 284
1582 532
1582 1139
1582 1855
1583 1101
1583 1957
1583 2075
1583 2089
1584 20
1584 1530
1584 2053
1584 2117
1585 422
1585 905
1585 1521
1585 2411
1586 837
1586 1458
1586 2124
1586 2340
1587 529
1587 617
1587 980
1587 1248
1588 1343
1588 1724
1588 2203
1588 2458
1589 86
1589 1204
1589 1501
1589 2390
1590 390
1590 409
1590 824
1590 2066
1591 142
1591 859
1591 1767
1591 1888
1592 879
1592 1200
1592 1433
1592 1948
1593 273
1593 1244
1593 1280
1593 1435
1594 71
1594 1139
1594 1222
1594 1739
1595 254
1595 1464
1595 1852
1595 2388
1596 1090
1596 1331
1596 1341
1596 2494
1597 371
1597 1192
1597 1828
1597 2454
1598 92
1598 251
1598 318
1598 1334
1599 288
1599 1101
1599 1378
1599 2332
1600 79
1600 872
1600 936
1600 2218
1601 472
1601 1500
1601 1735
1601 2174
1602 218
1602 247
1602 268
1602 2012
1603 500
1603 602
1603 2197
1603 2440
1604 631
1604 1204
1604 1775
1604 1912
1605 575
1605 1558
1605 2020
1605 2476
1606 337
1606 831
1606 957
1606 1968
1607 445
1607 614
1607 1500
1607 2135
1608 489
1608 956
1608 1758
1608 2097
1609 472
1609 1906
1609 2217
1609 2299
1610 338
1610 623
1610 753
1610 1966
1611 875
1611 910
1611 2304
1611 2453
1612 18
1612 48
1612 1029
1612 2107
1613 379
1613 1771
1613 2105
1613 2468
1614 534
1614 872
1614 1317
1614 1772
1615 255
1615 1400
1615 1697
1615 2412
1616 1388
1616 1490
1616 1573
1616 2325
1617 37
1617 181
1617 554
1617 2450
1618 1115
1618 1171
1618 1174
1618 1701
1619 1238
1619 1877
1619 2086
1619 2320
1620 230
1620 379
1620 390
1620 728
1621 326
1621 499
1621 726
1621 1795
1622 292
1622 720
1622 1310
1622 1838
1623 255
1623 567
1623 1875
1623 2444
1624 76
1624 866
1624 1444
1624 2072
1625 404
1625 844
1625 2029
1625 2286
1626 463
1626 652
1626 1479
1626 2074
1627 1215
1627 2025
1627 2278
1627 2353
1628 181
1628 408
1628 1404
1628 1503
1629 493
1629 1375
1629 1428
1629 1861
1630 188
1630 944
1630 971
1630 1621
1631 1240
1631 1278
1631 1913
1631 1936
1632 1324
1632 1326
1632 1625
1632 2208
1633 377
1633 664
1633 1141
1633 1693
1634 490
1634 1186
1634 1190
1634 1323
1635 230
1635 564
1635 1158
1635 2355
1636 42
1636 693
1636 883
1636 1564
1637 841
1637 1624
1637 2353
1637 2409
1638 458
1638 464
1638 894
1638 2205
1639 1988
1639 2116
1639 2279
1639 2368
1640 533
1640 684
1640 1803
1640 1886
1641 391
1641 1085
1641 1369
1641 2274
1642 3
1642 1146
1642 1819
1642 2202
1643 951
1643 1328
1643 1376
1643 2487
1644 25
1644 246
1644 936
1644 1025
1645 138
1645 193
1645 938
1645 1304
1646 150
1646 1284
1646 1448
1646 2430
1647 218
1647 356
1647 943
1647 1097
1648 586
1648 779
1648 2183
1648 2197
1649 395
1649 455
1649 700
1649 2115
1650 351
1650 522
1650 684
1650 705
1651 132
1651 142
1651 668
1651 1340
1652 1227
1652 1319
1652 1912
1652 2374
1653 1730
1653 2078
1653 2208
1653 2283
1654 959
1654 1495
1654 1583
1654 2025
1655 629
1655 1155
1655 1462
1655 1904
1656 608
1656 874
1656 1847
1656 2197
1657 1241
1657 1735
1657 1877
1657 2186
1658 609
1658 726
1658 1402
1658 2315
1659 385
1659 1088
1659 1516
1659 1635
1660 194
1660 763
1660 1116
1660 1862
1661 563
1661 729
1661 800
1661 888
1662 1718
1662 2342
1662 2437
1662 2447
1663 154
1663 628
1663 684
1663 1649
1664 95
1664 593
1664 1376
1664 1522
1665 94
1665 1597
1665 1819
1665 2131
1666 261
1666 1440
1666 2197
1666 2377
1667 1097
1667 1177
1667 1198
1667 1238
1668 504
1668 860
1668 935
1668 1806
1669 42
1669 603
1669 977
1669 1308
1670 1357
1670 1620
1670 1998
1670 2450
1671 1141
1671 1366
1671 1445
1671 1516
1672 790
1672 852
1672 2240
1672 2279
1673 528
1673 835
1673 936
1673 1267
1674 1052
1674 1622
1674 1751
1674 2124
1675 638
1675 1320
1675 1455
1675 1725
1676 618
1676 741
1676 1094
1676 1622
1677 442
1677 1423
1677 1815
1677 1906
1678 925
1678 2053
1678 2245
1678 2395
1679 260
1679 360
1679 759
1679 2426
1680 1795
1680 1808
1680 2216
1680 2454
1681 523
1681 1063
1681 1233
1681 1707
1682 1048
1682 1132
1682 2241
1682 2287
1683 488
1683 719
1683 1048
1683 1485
1684 165
1684 249
1684 2184
1684 2423
1685 939
1685 980
1685 2111
1685 2251
1686 578
1686 1231
1686 1562
1686 2380
1687 168
1687 780
1687 2132
1687 2328
1688 109
1688 309
1688 551
1688 1158
1689 17
1689 64
1689 424
1689 1583
1690 1
1690 391
1690 1957
1690 2176
1691 707
1691 1017
1691 1926
1691 2486
1692 674
1692 980
1692 1285
1692 1817
1693 345
1693 674
1693 1933
1693 2222
1694 248
1694 342
1694 459
1694 2278
1695 3
1695 267
1695 943
1695 2307
1696 33
1696 632
1696 1405
1696 2075
1697 56
1697 410
1697 1086
1697 2368
1698 1207
1698 1615
1698 1789
1698 2192
1699 633
1699 915
1699 964
1699 1351
1700 1134
1700 1609
1700 1656
1700 2045
1701 55
1701 954
1701 990
1701 1625
1702 390
1702 1486
1702 1660
1702 2024
1703 338
1703 839
1703 1111
1703 2355
1704 385
1704 1367
1704 1386
1704 2146
1705 413
1705 1417
1705 1553
1705 1655
1706 146
1706 309
1706 1085
1706 1501
1707 177
1707 1164
1707 2061
1707 2284
1708 1435
1708 1834
1708 2167
1708 2392
1709 1068
1709 1390
1709 1977
1709 2266
1710 317
1710 1310
1710 2226
1710 2362
1711 1123
1711 1667
1711 2130
1711 2267
1712 646
1712 1119
1712 1542
1712 2366
1713 330
1713 895
1713 991
1713 1534
1714 92
1714 347
1714 1621
1714 2283
1715 1049
1715 1467
1715 1831
1715 2249
1716 810
1716 1654
1716 2297
1716 2380
1717 27
1717 434
1717 966
1717 2111
1718 39
1718 324
1718 577
1718 1931
1719 32
1719 680
1719 2117
1719 2292
1720 273
1720 1152
1720 1527
1720 1553
1721 45
1721 242
1721 1707
1721 2307
1722 1268
1722 2118
1722 2273
1722 2472
1723 943
1723 1096
1723 1695
1723 1990
1724 1577
1724 2140
1724 2209
1724 2226
1725 330
1725 407
1725 1274
1725 1966
1726 577
1726 1313
1726 1446
1726 2212
1727 554
1727 1512
1727 1684
1727 2013
1728 135
1728 183
1728 430
1728 853
1729 690
1729 942
1729 1569
1729 2324
1730 209
1730 335
1730 1492
1730 1775
1731 935
1731 1787
1731 2093
1731 2434
1732 184
1732 325
1732 1501
1732 2277
1733 723
1733 730
1733 1403
1733 1470
1734 276
1734 507
1734 1238
1734 2048
1735 25
1735 397
1735 403
1735 1845
1736 279
1736 883
1736 1132
1736 2007
1737 925
1737 1926
1737 1939
1737 2316
1738 101
1738 854
1738 1379
1738 2368
1739 39
1739 965
1739 1137
1739 1517
1740 750
1740 1650
1740 1750
1740 2430
1741 413
1741 1782
1741 2299
1741 2448
1742 142
1742 1023
1742 1261
1742 2253
1743 154
1743 607
1743 1268
1743 1555
1744 224
1744 289
1744 385
1744 2355
1745 520
1745 791
1745 821
1745 2206
1746 278
1746 689
1746 1718
1746 2160
1747 221
1747 1197
1747 1946
1747 2064
1748 687
1748 981
1748 1104
1748 2101
1749 342
1749 817
1749 889
1749 969
1750 1672
1750 1674
1750 1903
1750 2052
1751 153
1751 1457
1751 2061
1751 2364
1752 597
1752 1476
1752 2168
1752 2217
1753 436
1753 775
1753 863
1753 2335
1754 370
1754 877
1754 1438
1754 1771
1755 505
1755 761
1755 946
1755 2263
1756 940
1756 1431
1756 1924
1756 2453
1757 343
1757 1316
1757 1568
1757 2386
1758 80
1758 117
1758 130
1758 2495
1759 481
1759 1732
1759 1739
1759 2492
1760 483
1760 499
1760 665
1760 1348
1761 624
1761 1289
1761 1873
1761 2019
1762 41
1762 645
1762 788
1762 1747
1763 162
1763 1117
1763 1304
1763 1900
1764 823
1764 1852
1764 1974
1764 2095
1765 552
1765 1726
1765 2001
1765 2109
1766 477
1766 1298
1766 1979
1766 2497
1767 1167
1767 1370
1767 1894
1767 2248
1768 973
1768 1622
1768 2020
1768 2496
1769 100
1769 826
1769 1533
1769 2166
1770 106
1770 891
1770 1867
1770 2424
1771 224
1771 351
1771 1569
1771 1756
1772 67
1772 1685
1772 2277
1772 2303
1773 399
1773 667
1773 1042
1773 1328
1774 608
1774 609
1774 810
1774 1820
1775 211
1775 1546
1775 1662
1775 1718
1776 269
1776 987
1776 1864
1776 2359
1777 1189
1777 1261
1777 1618
1777 2258
1778 199
1778 1251
1778 1963
1778 2493
1779 583
1779 973
1779 1673
1779 2200
1780 460
1780 665
1780 1473
1780 2164
1781 229
1781 774
1781 1469
1781 2243
1782 128
1782 864
1782 1986
1782 2035
1783 684
1783 1001
1783 1195
1783 2050
1784 114
1784 1943
1784 2019
1784 2089
1785 286
1785 560
1785 932
1785 1056
1786 1068
1786 1238
1786 1255
1786 2344
1787 122
1787 358
1787 386
1787 1887
1788 59
1788 1131
1788 1638
1788 1800
1789 732
1789 798
1789 1994
1789 2278
1790 336
1790 676
1790 1430
1790 2122
1791 50
1791 145
1791 374
1791 805
1792 142
1792 1663
1792 1980
1792 2427
1793 257
1793 978
1793 1057
1793 1498
1794 383
1794 793
1794 1282
1794 1914
1795 690
1795 846
1795 995
1795 1909
1796 1368
1796 1630
1796 2059
1796 2098
1797 73
1797 716
1797 913
1797 2410
1798 459
1798 1099
1798 1387
1798 1761
1799 476
1799 1337
1799 1428
1799 1860
1800 380
1800 786
1800 1001
1800 2471
1801 28
1801 1469
1801 1764
1801 2072
1802 281
1802 1334
1802 2355
1802 2402
1803 208
1803 764
1803 769
1803 799
1804 163
1804 239
1804 1129
1804 2366
1805 933
1805 1297
1805 2219
1805 2281
1806 1058
1806 1302
1806 1365
1806 1722
1807 287
1807 522
1807 815
1807 1234
1808 268
1808 316
1808 1121
1808 1239
1809 1104
1809 1298
1809 1478
1809 1727
1810 10
1810 304
1810 1885
1810 1933
1811 421
1811 1157
1811 1646
1811 2044
1812 40
1812 370
1812 699
1812 1518
1813 192
1813 1866
1813 2381
1813 2463
1814 307
1814 476
1814 1707
1814 2299
1815 562
1815 848
1815 1233
1815 2006
1816 277
1816 292
1816 366
1816 538
1817 153
1817 1858
1817 2124
1817 2379
1818 706
1818 2209
1818 2272
1818 2309
1819 685
1819 698
1819 708
1819 945
1820 704
1820 1050
1820 1439
1820 1458
1821 193
1821 1356
1821 1380
1821 2219
1822 687
1822 992
1822 1431
1822 1642
1823 214
1823 902
1823 998
1823 2329
1824 1012
1824 1226
1824 1254
1824 2465
1825 141
1825 921
1825 1227
1825 1734
1826 180
1826 720
1826 1080
1826 1935
1827 1081
1827 1328
1827 1671
1827 2378
1828 620
1828 1823
1828 2260
1828 2440
1829 50
1829 411
1829 2018
1829 2350
1830 167
1830 232
1830 678
1830 2389
1831 673
1831 1105
1831 1778
1831 2252
1832 143
1832 506
1832 1077
1832 1815
1833 619
1833 832
1833 1947
1833 2016
1834 171
1834 838
1834 1321
1834 1477
1835 1049
1835 1067
1835 2024
1835 2420
1836 446
1836 957
1836 1570
1836 1821
1837 945
1837 1472
1837 1653
1837 2278
1838 422
1838 1640
1838 1743
1838 1780
1839 518
1839 1691
1839 1871
1839 2214
1840 379
1840 1817
1840 2113
1840 2351
1841 1296
1841 1866
1841 2093
1841 2297
1842 582
1842 751
1842 1031
1842 1552
1843 537
1843 717
1843 750
1843 1521
1844 405
1844 1783
1844 1856
1844 2358
1845 670
1845 1083
1845 1847
1845 2228
1846 333
1846 846
1846 1057
1846 1203
1847 64
1847 309
1847 500
1847 551
1848 151
1848 716
1848 733
1848 2145
1849 681
1849 1628
1849 2326
1849 2406
1850 1582
1850 1820
1850 1836
1850 1897
1851 393
1851 1259
1851 1454
1851 2027
1852 115
1852 1086
1852 1845
1852 1932
1853 47
1853 1498
1853 2089
1853 2473
1854 137
1854 808
1854 1918
1854 2284
1855 906
1855 1457
1855 1557
1855 2046
1856 319
1856 900
1856 1123
1856 1948
1857 331
1857 458
1857 1928
1857 2000
1858 766
1858 1026
1858 1533
1858 1539
1859 36
1859 430
1859 633
1859 2315
1860 950
1860 1029
1860 2225
1860 2356
1861 467
1861 1606
1861 1763
1861 1784
1862 1042
1862 1062
1862 2358
1862 2495
1863 194
1863 560
1863 850
1863 1483
1864 852
1864 1767
1864 1810
1864 2487
1865 115
1865 821
1865 1429
1865 1634
1866 286
1866 1655
1866 1879
1866 2401
1867 543
1867 940
1867 1001
1867 1585
1868 325
1868 409
1868 907
1868 1148
1869 285
1869 1878
1869 2069
1869 2398
1870 319
1870 608
1870 1833
1870 2304
1871 134
1871 186
1871 592
1871 1861
1872 669
1872 1379
1872 1502
1872 1550
1873 507
1873 531
1873 1537
1873 1673
1874 225
1874 256
1874 2093
1874 2417
1875 9
1875 732
1875 735
1875 1472
1876 378
1876 945
1876 1456
1876 1476
1877 247
1877 767
1877 775
1877 2497
1878 946
1878 2158
1878 2434
1878 2482
1879 93
1879 271
1879 1453
1879 1593
1880 499
1880 730
1880 1136
1880 2246
1881 429
1881 1110
1881 1113
1881 1317
1882 821
1882 1619
1882 2077
1882 2248
1883 943
1883 1559
1883 1898
1883 2195
1884 580
1884 921
1884 1029
1884 1037
1885 1445
1885 1784
1885 1879
1885 2345
1886 855
1886 1813
1886 2094
1886 2237
1887 115
1887 301
1887 875
1887 2319
1888 993
1888 1150
1888 1855
1888 2236
1889 369
1889 1183
1889 1431
1889 2281
1890 390
1890 526
1890 1508
1890 1776
1891 114
1891 1523
1891 1570
1891 2209
1892 37
1892 1644
1892 2168
1892 2268
1893 558
1893 586
1893 720
1893 2083
1894 279
1894 1357
1894 1680
1894 1904
1895 224
1895 289
1895 1270
1895 2300
1896 252
1896 301
1896 951
1896 2085
1897 393
1897 1476
1897 1480
1897 2223
1898 343
1898 373
1898 1149
1898 2095
1899 377
1899 1663
1899 1729
1899 1805
1900 157
1900 663
1900 1113
1900 1676
1901 193
1901 341
1901 947
1901 1340
1902 65
1902 909
1902 1049
1902 2114
1903 500
1903 1022
1903 1353
1903 1764
1904 32
1904 270
1904 570
1904 2329
1905 121
1905 1497
1905 1611
1905 1696
1906 1498
1906 1856
1906 2299
1906 2325
1907 101
1907 1470
1907 1703
1907 2287
1908 137
1908 1999
1908 2154
1908 2299
1909 31
1909 69
1909 1995
1909 2277
1910 691
1910 1508
1910 1642
1910 2208
1911 180
1911 339
1911 712
1911 1641
1912 83
1912 177
1912 1241
1912 1836
1913 59
1913 471
1913 1433
1913 1541
1914 430
1914 457
1914 556
1914 1416
1915 52
1915 871
1915 2012
1915 2280
1916 201
1916 1399
1916 1418
1916 1962
1917 87
1917 254
1917 547
1917 645
1918 551
1918 1078
1918 1427
1918 1853
1919 693
1919 813
1919 1066
1919 2475
1920 670
1920 971
1920 1332
1920 2354
1921 1171
1921 1612
1921 2076
1921 2112
1922 227
1922 1259
1922 1524
1922 2039
1923 164
1923 184
1923 420
1923 1218
1924 365
1924 1336
1924 2250
1924 2313
1925 819
1925 1283
1925 2021
1925 2126
1926 96
1926 397
1926 1959
1926 2068
1927 211
1927 415
1927 1074
1927 1863
1928 812
1928 1377
1928 1825
1928 2187
1929 1149
1929 1548
1929 1685
1929 2390
1930 38
1930 52
1930 112
1930 688
1931 16
1931 1440
1931 1455
1931 1913
1932 398
1932 443
1932 1387
1932 2422
1933 718
1933 904
1933 1356
1933 1546
1934 537
1934 1297
1934 1356
1934 2476
1935 49
1935 792
1935 977
1935 1698
1936 531
1936 1421
1936 1489
1936 2354
1937 1795
1937 1887
1937 2086
1937 2125
1938 639
1938 666
1938 1262
1938 1831
1939 470
1939 487
1939 768
1939 1247
1940 436
1940 992
1940 1865
1940 2001
1941 502
1941 531
1941 1871
1941 2149
1942 180
1942 679
1942 1673
1942 2095
1943 1127
1943 1861
1943 2100
1943 2302
1944 342
1944 433
1944 1391
1944 2240
1945 138
1945 517
1945 1035
1945 1695
1946 501
1946 647
1946 1726
1946 2487
1947 836
1947 1317
1947 1746
1947 2032
1948 386
1948 748
1948 1147
1948 2015
1949 687
1949 1157
1949 1265
1949 2417
1950 1491
1950 1492
1950 1830
1950 2305
1951 523
1951 542
1951 702
1951 2346
1952 32
1952 696
1952 1863
1952 2270
1953 140
1953 225
1953 462
1953 1461
1954 25
1954 270
1954 1119
1954 2016
1955 29
1955 238
1955 792
1955 2116
1956 525
1956 1069
1956 1567
1956 2439
1957 924
1957 1551
1957 1568
1957 1900
1958 117
1958 448
1958 1046
1958 2077
1959 510
1959 602
1959 1005
1959 1614
1960 575
1960 2015
1960 2096
1960 2151
1961 278
1961 516
1961 984
1961 1739
1962 332
1962 419
1962 606
1962 2360
1963 889
1963 1996
1963 2247
1963 2304
1964 379
1964 830
1964 1008
1964 1526
1965 492
1965 1102
1965 1392
1965 1911
1966 306
1966 1082
1966 1518
1966 1565
1967 552
1967 1288
1967 1900
1967 2202
1968 603
1968 682
1968 1626
1968 1781
1969 743
1969 1035
1969 1572
1969 2143
1970 461
1970 1972
1970 2000
1970 2299
1971 100
1971 937
1971 1024
1971 2075
1972 1084
1972 1760
1972 1960
1972 2033
1973 1072
1973 1291
1973 1446
1973 1884
1974 264
1974 1162
1974 1375
1974 2437
1975 148
1975 667
1975 1146
1975 1199
1976 338
1976 524
1976 546
1976 2301
1977 612
1977 674
1977 698
1977 1353
1978 334
1978 377
1978 1655
1978 2228
1979 204
1979 809
1979 2096
1979 2368
1980 251
1980 557
1980 1301
1980 2475
1981 305
1981 627
1981 1483
1981 2353
1982 152
1982 372
1982 928
1982 1551
1983 757
1983 1121
1983 1153
1983 2482
1984 343
1984 501
1984 1869
1984 2046
1985 424
1985 541
1985 848
1985 2218
1986 236
1986 644
1986 1108
1986 2048
1987 146
1987 1161
1987 1476
1987 1695
1988 2026
1988 2083
1988 2238
1988 2253
1989 10
1989 43
1989 1212
1989 2413
1990 263
1990 913
1990 1595
1990 1848
1991 177
1991 1248
1991 1578
1991 2099
1992 541
1992 1263
1992 1293
1992 2440
1993 5
1993 167
1993 1972
1993 2037
1994 186
1994 1033
1994 2320
1994 2360
1995 835
1995 1103
1995 1201
1995 1232
1996 344
1996 1059
1996 1151
1996 1758
1997 581
1997 599
1997 758
1997 1808
1998 564
1998 798
1998 2391
1998 2482
1999 67
1999 974
1999 1372
1999 2318
2000 142
2000 1717
2000 2070
2000 2444
2001 91
2001 136
2001 1225
2001 1824
2002 232
2002 653
2002 1518
2002 1722
2003 577
2003 1464
2003 1625
2003 2246
2004 945
2004 1044
2004 1753
2004 2462
2005 168
2005 1443
2005 1963
2005 2251
2006 575
2006 831
2006 968
2006 1939
2007 1186
2007 1214
2007 1356
2007 1607
2008 512
2008 1361
2008 1466
2008 2069
2009 288
2009 663
2009 691
2009 1431
2010 363
2010 819
2010 894
2010 1587
2011 427
2011 565
2011 787
2011 2278
2012 790
2012 1502
2012 2009
2012 2041
2013 741
2013 1247
2013 1372
2013 1374
2014 887
2014 926
2014 1054
2014 1328
2015 130
2015 207
2015 321
2015 1556
2016 376
2016 407
2016 1374
2016 2457
2017 38
2017 746
2017 874
2017 1265
2018 745
2018 2187
2018 2220
2018 2247
2019 776
2019 986
2019 1231
2019 1740
2020 1450
2020 1832
2020 1883
2020 2409
2021 771
2021 780
2021 1435
2021 2483
2022 503
2022 1424
2022 1869
2022 1994
2023 93
2023 1002
2023 1456
2023 1474
2024 451
2024 1130
2024 1723
2024 1858
2025 276
2025 775
2025 813
2025 1380
2026 1346
2026 1423
2026 1933
2026 2148
2027 764
2027 992
2027 1381
2027 2075
2028 277
2028 1955
2028 2076
2028 2137
2029 820
2029 1790
2029 2165
2029 2185
2030 68
2030 730
2030 1186
2030 2143
2031 1021
2031 1817
2031 2096
2031 2339
2032 274
2032 639
2032 1541
2032 1586
2033 425
2033 722
2033 956
2033 1531
2034 792
2034 866
2034 1623
2034 1833
2035 32
2035 1607
2035 2049
2035 2073
2036 388
2036 829
2036 1001
2036 1704
2037 33
2037 75
2037 520
2037 2381
2038 375
2038 1285
2038 1537
2038 2374
2039 90
2039 131
2039 391
2039 2301
2040 292
2040 1167
2040 1518
2040 1642
2041 188
2041 491
2041 686
2041 1177
2042 213
2042 718
2042 1429
2042 2308
2043 773
2043 1553
2043 1581
2043 2276
2044 70
2044 406
2044 1173
2044 1269
2045 796
2045 1120
2045 1203
2045 1394
2046 168
2046 1219
2046 1461
2046 2402
2047 881
2047 1079
2047 1578
2047 2299
2048 498
2048 1000
2048 1357
2048 1659
2049 190
2049 268
2049 1369
2049 2183
2050 42
2050 1594
2050 1879
2050 1894
2051 689
2051 742
2051 1682
2051 2117
2052 665
2052 1386
2052 1750
2052 2075
2053 234
2053 657
2053 2277
2053 2453
2054 641
2054 1094
2054 1200
2054 2499
2055 629
2055 1745
2055 1804
2055 2422
2056 425
2056 751
2056 1990
2056 2484
2057 1218
2057 1323
2057 1804
2057 2089
2058 27
2058 58
2058 1161
2058 2416
2059 715
2059 1584
2059 1624
2059 1683
2060 140
2060 157
2060 511
2060 920
2061 158
2061 1437
2061 1452
2061 1735
2062 440
2062 727
2062 1373
2062 2416
2063 225
2063 848
2063 1424
2063 1515
2064 404
2064 1333
2064 1971
2064 2098
2065 625
2065 1358
2065 1397
2065 1898
2066 18
2066 664
2066 1474
2066 1965
2067 71
2067 887
2067 1519
2067 1613
2068 276
2068 1081
2068 2203
2068 2217
2069 939
2069 1097
2069 1264
2069 2152
2070 304
2070 408
2070 650
2070 2143
2071 1322
2071 1632
2071 2029
2071 2318
2072 239
2072 1583
2072 1608
2072 1843
2073 904
2073 1265
2073 1517
2073 2371
2074 201
2074 977
2074 989
2074 1036
2075 7
2075 622
2075 1422
2075 2405
2076 389
2076 1056
2076 1107
2076 1352
2077 511
2077 626
2077 1375
2077 1921
2078 671
2078 827
2078 1863
2078 1889
2079 574
2079 580
2079 1569
2079 2360
2080 337
2080 704
2080 1256
2080 1760
2081 138
2081 1170
2081 1277
2081 2436
2082 1025
2082 1248
2082 1825
2082 1846
2083 98
2083 226
2083 413
2083 2156
2084 280
2084 1009
2084 2145
2084 2174
2085 371
2085 471
2085 1753
2085 1868
2086 259
2086 420
2086 1238
2086 2137
2087 156
2087 788
2087 1615
2087 2355
2088 1226
2088 1708
2088 2439
2088 2476
2089 270
2089 476
2089 1107
2089 2459
2090 1512
2090 1543
2090 1635
2090 2328
2091 369
2091 1327
2091 2253
2091 2367
2092 247
2092 1149
2092 1292
2092 1562
2093 86
2093 1044
2093 1259
2093 2122
2094 809
2094 1657
2094 1794
2094 2494
2095 39
2095 50
2095 1415
2095 1480
2096 333
2096 424
2096 1009
2096 1373
2097 194
2097 453
2097 1902
2097 2328
2098 495
2098 782
2098 858
2098 1110
2099 339
2099 946
2099 1455
2099 1701
2100 29
2100 570
2100 1246
2100 1854
2101 271
2101 1365
2101 1499
2101 1826
2102 956
2102 1131
2102 2290
2102 2484
2103 1156
2103 2034
2103 2104
2103 2353
2104 761
2104 1528
2104 2306
2104 2382
2105 273
2105 602
2105 827
2105 2269
2106 612
2106 792
2106 1109
2106 1573
2107 256
2107 685
2107 1962
2107 2242
2108 565
2108 757
2108 804
2108 2296
2109 1
2109 81
2109 99
2109 616
2110 23
2110 1434
2110 1467
2110 1528
2111 50
2111 319
2111 328
2111 1508
2112 40
2112 1051
2112 1753
2112 2271
2113 1395
2113 1587
2113 1964
2113 2083
2114 249
2114 1052
2114 1554
2114 1790
2115 328
2115 675
2115 1540
2115 2286
2116 593
2116 1752
2116 1850
2116 2444
2117 388
2117 1087
2117 1447
2117 1841
2118 233
2118 380
2118 463
2118 1152
2119 1115
2119 1392
2119 1682
2119 2313
2120 513
2120 1366
2120 1380
2120 2117
2121 615
2121 837
2121 1344
2121 1688
2122 906
2122 1184
2122 2406
2122 2491
2123 341
2123 586
2123 672
2123 948
2124 460
2124 579
2124 1128
2124 1390
2125 758
2125 769
2125 2173
2125 2277
2126 500
2126 1528
2126 1556
2126 2471
2127 67
2127 213
2127 444
2127 1642
2128 620
2128 1055
2128 2099
2128 2222
2129 85
2129 91
2129 1475
2129 1601
2130 1151
2130 1201
2130 1611
2130 2207
2131 427
2131 691
2131 1344
2131 1684
2132 502
2132 653
2132 1626
2132 1746
2133 399
2133 929
2133 1690
2133 1913
2134 1125
2134 1751
2134 2099
2134 2393
2135 206
2135 821
2135 1263
2135 2438
2136 476
2136 1073
2136 1243
2136 1298
2137 225
2137 601
2137 1668
2137 2234
2138 77
2138 972
2138 1932
2138 2147
2139 82
2139 320
2139 833
2139 1863
2140 28
2140 1257
2140 1599
2140 2457
2141 1352
2141 1379
2141 1410
2141 2318
2142 1783
2142 2024
2142 2193
2142 2432
2143 530
2143 1022
2143 1958
2143 2392
2144 39
2144 690
2144 1546
2144 2091
2145 784
2145 1262
2145 2183
2145 2269
2146 301
2146 1649
2146 1941
2146 1974
2147 461
2147 730
2147 1846
2147 2424
2148 504
2148 751
2148 1081
2148 1719
2149 306
2149 1146
2149 1374
2149 1827
2150 905
2150 982
2150 1946
2150 2194
2151 691
2151 1721
2151 1826
2151 2189
2152 289
2152 411
2152 519
2152 1594
2153 252
2153 343
2153 794
2153 1283
2154 748
2154 1247
2154 1439
2154 1834
2155 666
2155 851
2155 1839
2155 2310
2156 620
2156 1509
2156 1668
2156 2474
2157 1514
2157 1527
2157 1860
2157 2456
2158 1111
2158 1158
2158 1198
2158 2387
2159 293
2159 1473
2159 2186
2159 2280
2160 245
2160 327
2160 1420
2160 1807
2161 124
2161 670
2161 1468
2161 1974
2162 1203
2162 1508
2162 1776
2162 2424
2163 257
2163 662
2163 767
2163 1896
2164 70
2164 1320
2164 1380
2164 2497
2165 325
2165 980
2165 1259
2165 1612
2166 130
2166 976
2166 1382
2166 1466
2167 314
2167 1346
2167 1622
2167 2100
2168 647
2168 2157
2168 2257
2168 2413
2169 283
2169 411
2169 1112
2169 2311
2170 658
2170 1392
2170 2266
2170 2344
2171 307
2171 1733
2171 1810
2171 2315
2172 1622
2172 1805
2172 2408
2172 2455
2173 117
2173 775
2173 962
2173 1129
2174 26
2174 1092
2174 1180
2174 2112
2175 180
2175 797
2175 1438
2175 2100
2176 456
2176 1443
2176 1732
2176 2414
2177 255
2177 302
2177 1128
2177 2318
2178 488
2178 603
2178 1437
2178 2490
2179 384
2179 596
2179 622
2179 1666
2180 230
2180 333
2180 1382
2180 1966
2181 327
2181 1771
2181 1819
2181 2395
2182 743
2182 1351
2182 1559
2182 1789
2183 412
2183 1315
2183 2117
2183 2397
2184 839
2184 1057
2184 2007
2184 2404
2185 698
2185 1597
2185 1961
2185 2039
2186 151
2186 255
2186 783
2186 1698
2187 252
2187 1207
2187 1329
2187 2069
2188 19
2188 1568
2188 1951
2188 2178
2189 284
2189 545
2189 750
2189 1426
2190 786
2190 842
2190 1948
2190 2384
2191 79
2191 255
2191 1378
2191 2134
2192 28
2192 438
2192 656
2192 1632
2193 118
2193 1125
2193 1605
2193 2408
2194 63
2194 337
2194 1727
2194 1750
2195 151
2195 409
2195 1104
2195 2192
2196 384
2196 518
2196 829
2196 1018
2197 615
2197 1549
2197 1998
2197 2392
2198 189
2198 1976
2198 2251
2198 2425
2199 1082
2199 1642
2199 2176
2199 2240
2200 24
2200 922
2200 1280
2200 1338
2201 323
2201 649
2201 1290
2201 1906
2202 241
2202 1129
2202 1779
2202 1835
2203 243
2203 753
2203 1172
2203 2385
2204 64
2204 990
2204 1059
2204 2093
2205 226
2205 803
2205 1120
2205 2409
2206 723
2206 1054
2206 1384
2206 1808
2207 85
2207 1947
2207 2028
2207 2464
2208 706
2208 846
2208 1704
2208 2332
2209 361
2209 479
2209 1983
2209 2213
2210 279
2210 495
2210 1435
2210 1712
2211 226
2211 1342
2211 1691
2211 1934
2212 309
2212 683
2212 984
2212 1717
2213 1589
2213 1721
2213 1893
2213 2384
2214 470
2214 1000
2214 1012
2214 1488
2215 482
2215 681
2215 810
2215 1214
2216 950
2216 1304
2216 1695
2216 1959
2217 457
2217 949
2217 1075
2217 1529
2218 95
2218 250
2218 1036
2218 1941
2219 42
2219 864
2219 1117
2219 1925
2220 2149
2220 2267
2220 2297
2220 2395
2221 220
2221 833
2221 842
2221 1290
2222 1001
2222 1497
2222 1613
2222 2184
2223 168
2223 1326
2223 1760
2223 2439
2224 506
2224 882
2224 1013
2224 1906
2225 255
2225 340
2225 709
2225 1531
2226 905
2226 1164
2226 1383
2226 2137
2227 93
2227 1506
2227 2033
2227 2130
2228 97
2228 139
2228 175
2228 1763
2229 368
2229 478
2229 1458
2229 2233
2230 1163
2230 1216
2230 1425
2230 1503
2231 84
2231 1839
2231 2060
2231 2344
2232 92
2232 223
2232 2062
2232 2137
2233 236
2233 1321
2233 1370
2233 2229
2234 153
2234 1717
2234 2094
2234 2284
2235 301
2235 336
2235 1218
2235 1766
2236 100
2236 193
2236 223
2236 2093
2237 357
2237 460
2237 1755
2237 1858
2238 1214
2238 1412
2238 1716
2238 2482
2239 20
2239 90
2239 951
2239 2061
2240 443
2240 460
2240 682
2240 1538
2241 120
2241 804
2241 1236
2241 2479
2242 18
2242 1097
2242 1283
2242 2185
2243 34
2243 708
2243 712
2243 1393
2244 681
2244 720
2244 1302
2244 1734
2245 368
2245 1200
2245 1959
2245 2070
2246 194
2246 895
2246 1780
2246 2493
2247 428
2247 1657
2247 2305
2247 2481
2248 763
2248 1024
2248 1351
2248 2089
2249 362
2249 1257
2249 1476
2249 1838
2250 582
2250 621
2250 2162
2250 2197
2251 544
2251 1256
2251 1272
2251 2228
2252 13
2252 602
2252 1429
2252 2396
2253 620
2253 635
2253 889
2253 1552
2254 284
2254 813
2254 1054
2254 2457
2255 294
2255 330
2255 1742
2255 2304
2256 188
2256 302
2256 330
2256 544
2257 519
2257 574
2257 1236
2257 1793
2258 27
2258 207
2258 1520
2258 2073
2259 42
2259 1134
2259 1533
2259 2022
2260 118
2260 679
2260 1680
2260 2331
2261 32
2261 573
2261 688
2261 907
2262 1081
2262 1244
2262 1269
2262 1728
2263 8
2263 891
2263 1213
2263 2277
2264 85
2264 1013
2264 1124
2264 1693
2265 189
2265 544
2265 838
2265 890
2266 846
2266 965
2266 1171
2266 2065
2267 70
2267 1030
2267 1230
2267 1744
2268 1165
2268 2124
2268 2172
2268 2442
2269 1069
2269 1265
2269 1384
2269 2375
2270 372
2270 899
2270 1449
2270 2486
2271 987
2271 1090
2271 1699
2271 2396
2272 1129
2272 1915
2272 2150
2272 2244
2273 217
2273 620
2273 875
2273 2304
2274 762
2274 808
2274 1800
2274 2281
2275 110
2275 777
2275 1562
2275 1738
2276 1448
2276 1650
2276 2147
2276 2221
2277 168
2277 224
2277 627
2277 1723
2278 663
2278 723
2278 1189
2278 1254
2279 19
2279 105
2279 1234
2279 2088
2280 46
2280 165
2280 285
2280 2462
2281 567
2281 984
2281 1211
2281 2342
2282 3
2282 362
2282 475
2282 1343
2283 68
2283 621
2283 1586
2283 2180
2284 1134
2284 1478
2284 2264
2284 2498
2285 949
2285 1020
2285 1140
2285 1426
2286 353
2286 1495
2286 1904
2286 2240
2287 47
2287 197
2287 741
2287 1030
2288 174
2288 242
2288 695
2288 1520
2289 95
2289 1434
2289 1487
2289 1697
2290 755
2290 761
2290 1618
2290 1662
2291 57
2291 616
2291 670
2291 2217
2292 580
2292 1307
2292 1875
2292 2227
2293 106
2293 675
2293 1239
2293 1615
2294 683
2294 746
2294 935
2294 2155
2295 377
2295 480
2295 1245
2295 1431
2296 120
2296 494
2296 1918
2296 2158
2297 317
2297 609
2297 1232
2297 1391
2298 106
2298 277
2298 321
2298 1172
2299 169
2299 823
2299 934
2299 1248
2300 223
2300 351
2300 2265
2300 2273
2301 613
2301 831
2301 1924
2301 2316
2302 353
2302 793
2302 1500
2302 2346
2303 588
2303 923
2303 1309
2303 1784
2304 142
2304 771
2304 955
2304 2094
2305 973
2305 1286
2305 1493
2305 2061
2306 697
2306 1256
2306 1398
2306 1796
2307 618
2307 635
2307 994
2307 1749
2308 435
2308 881
2308 1617
2308 2117
2309 37
2309 707
2309 1513
2309 1690
2310 186
2310 1399
2310 1467
2310 1883
2311 1380
2311 1392
2311 1960
2311 2262
2312 1456
2312 1799
2312 1967
2312 2487
2313 726
2313 1113
2313 1774
2313 2333
2314 318
2314 636
2314 1033
2314 2405
2315 254
2315 1454
2315 2225
2315 2303
2316 1116
2316 1331
2316 1358
2316 1612
2317 56
2317 1031
2317 1350
2317 1450
2318 361
2318 664
2318 1790
2318 2465
2319 195
2319 245
2319 1012
2319 1306
2320 409
2320 806
2320 1494
2320 2139
2321 244
2321 1275
2321 1734
2321 2278
2322 113
2322 1993
2322 2263
2322 2366
2323 661
2323 1106
2323 1144
2323 1208
2324 785
2324 1021
2324 1117
2324 1827
2325 130
2325 898
2325 1369
2325 2424
2326 1580
2326 1867
2326 1970
2326 2036
2327 346
2327 1397
2327 1758
2327 1980
2328 293
2328 1320
2328 1365
2328 1637
2329 14
2329 669
2329 1761
2329 2098
2330 1266
2330 1616
2330 1883
2330 2377
2331 899
2331 1099
2331 1263
2331 2241
2332 377
2332 1710
2332 1950
2332 2280
2333 600
2333 1110
2333 1297
2333 2132
2334 168
2334 642
2334 1382
2334 1816
2335 972
2335 1432
2335 2172
2335 2294
2336 388
2336 999
2336 2022
2336 2364
2337 25
2337 610
2337 983
2337 2360
2338 331
2338 2188
2338 2252
2338 2498
2339 261
2339 805
2339 1263
2339 1442
2340 524
2340 1439
2340 1480
2340 2212
2341 2058
2341 2356
2341 2376
2341 2499
2342 898
2342 1078
2342 1219
2342 2239
2343 97
2343 142
2343 1154
2343 2100
2344 1278
2344 1432
2344 1761
2344 2439
2345 140
2345 968
2345 982
2345 1448
2346 298
2346 1195
2346 1485
2346 1738
2347 518
2347 1078
2347 1206
2347 2331
2348 374
2348 831
2348 1754
2348 2063
2349 106
2349 869
2349 1367
2349 2480
2350 133
2350 914
2350 993
2350 1877
2351 304
2351 492
2351 1044
2351 2039
2352 166
2352 1535
2352 1636
2352 2302
2353 129
2353 209
2353 1287
2353 2308
2354 586
2354 815
2354 2067
2354 2394
2355 591
2355 762
2355 1284
2355 1344
2356 1951
2356 2065
2356 2101
2356 2126
2357 343
2357 410
2357 1234
2357 1286
2358 1051
2358 1192
2358 2224
2358 2309
2359 231
2359 468
2359 875
2359 944
2360 11
2360 773
2360 1113
2360 1908
2361 162
2361 1059
2361 1306
2361 2095
2362 1395
2362 1486
2362 1701
2362 2088
2363 192
2363 291
2363 661
2363 2241
2364 272
2364 1785
2364 2306
2364 2444
2365 802
2365 1045
2365 1147
2365 1768
2366 116
2366 333
2366 1948
2366 2179
2367 177
2367 513
2367 1654
2367 1745
2368 646
2368 991
2368 1119
2368 2347
2369 420
2369 570
2369 848
2369 1445
2370 94
2370 1375
2370 1405
2370 2142
2371 828
2371 1774
2371 2139
2371 2350
2372 243
2372 768
2372 1396
2372 1416
2373 21
2373 1068
2373 1601
2373 1955
2374 395
2374 472
2374 498
2374 1467
2375 66
2375 1951
2375 1962
2375 2066
2376 9
2376 258
2376 1391
2376 2462
2377 134
2377 954
2377 2150
2377 2337
2378 532
2378 586
2378 668
2378 1636
2379 147
2379 334
2379 825
2379 1177
2380 851
2380 1288
2380 1565
2380 1995
2381 1333
2381 1753
2381 2078
2381 2362
2382 742
2382 1749
2382 2216
2382 2300
2383 210
2383 849
2383 1589
2383 2347
2384 77
2384 81
2384 1760
2384 2302
2385 425
2385 979
2385 1049
2385 1424
2386 352
2386 671
2386 2208
2386 2484
2387 40
2387 240
2387 1483
2387 1502
2388 927
2388 1534
2388 1746
2388 2210
2389 428
2389 656
2389 1544
2389 2071
2390 69
2390 277
2390 933
2390 2328
2391 13
2391 340
2391 460
2391 1487
2392 738
2392 827
2392 1082
2392 1781
2393 213
2393 854
2393 1096
2393 2357
2394 891
2394 1621
2394 1855
2394 2318
2395 538
2395 1671
2395 1912
2395 2097
2396 2
2396 242
2396 326
2396 1661
2397 652
2397 1065
2397 2091
2397 2191
2398 371
2398 1135
2398 1751
2398 1918
2399 274
2399 577
2399 1558
2399 1807
2400 106
2400 1231
2400 1314
2400 1988
2401 659
2401 1057
2401 1787
2401 2474
2402 652
2402 696
2402 1127
2402 1882
2403 443
2403 962
2403 1040
2403 1102
2404 577
2404 709
2404 958
2404 1470
2405 362
2405 1113
2405 1130
2405 2465
2406 298
2406 1615
2406 1642
2406 1805
2407 113
2407 452
2407 2156
2407 2444
2408 1592
2408 1626
2408 2114
2408 2160
2409 133
2409 1482
2409 1565
2409 1800
2410 64
2410 1589
2410 1645
2410 2338
2411 73
2411 1781
2411 2077
2411 2477
2412 6
2412 970
2412 2118
2412 2240
2413 46
2413 506
2413 1682
2413 2424
2414 168
2414 606
2414 1734
2414 2404
2415 1131
2415 1908
2415 2028
2415 2435
2416 1766
2416 1864
2416 1878
2416 1950
2417 430
2417 1007
2417 1642
2417 2127
2418 414
2418 1023
2418 1595
2418 2374
2419 918
2419 981
2419 1211
2419 1793
2420 293
2420 444
2420 859
2420 1391
2421 15
2421 570
2421 746
2421 1590
2422 152
2422 1761
2422 2036
2422 2386
2423 1803
2423 1838
2423 1879
2423 1907
2424 443
2424 1015
2424 1282
2424 1560
2425 747
2425 1515
2425 1672
2425 2469
2426 158
2426 1476
2426 1875
2426 2130
2427 179
2427 415
2427 1679
2427 1735
2428 787
2428 875
2428 1248
2428 2342
2429 134
2429 262
2429 1085
2429 2207
2430 512
2430 1130
2430 1477
2430 1804
2431 683
2431 1977
2431 2263
2431 2406
2432 515
2432 1404
2432 1971
2432 1996
2433 75
2433 160
2433 390
2433 1186
2434 391
2434 742
2434 772
2434 2396
2435 432
2435 869
2435 915
2435 1147
2436 477
2436 1516
2436 1527
2436 1680
2437 506
2437 1304
2437 2107
2437 2315
2438 1670
2438 1680
2438 2407
2438 2439
2439 1110
2439 1200
2439 1471
2439 1649
2440 440
2440 738
2440 1675
2440 2114
2441 341
2441 1064
2441 1312
2441 1357
2442 889
2442 1166
2442 1225
2442 1764
2443 685
2443 1275
2443 2150
2443 2458
2444 4
2444 834
2444 973
2444 2179
2445 284
2445 462
2445 1142
2445 1913
2446 460
2446 1671
2446 2211
2446 2489
2447 59
2447 95
2447 497
2447 1208
2448 224
2448 271
2448 430
2448 1043
2449 782
2449 1157
2449 1634
2449 2058
2450 483
2450 1490
2450 1878
2450 1985
2451 667
2451 960
2451 1230
2451 2098
2452 154
2452 1858
2452 1910
2452 2469
2453 1196
2453 1378
2453 1937
2453 2431
2454 170
2454 681
2454 696
2454 746
2455 1282
2455 1382
2455 1424
2455 1603
2456 201
2456 616
2456 1375
2456 2425
2457 827
2457 896
2457 1345
2457 2252
2458 445
2458 1523
2458 1863
2458 2452
2459 78
2459 2258
2459 2265
2459 2287
2460 176
2460 1051
2460 1694
2460 2004
2461 2
2461 395
2461 1638
2461 2112
2462 628
2462 2247
2462 2267
2462 2279
2463 1224
2463 1307
2463 2010
2463 2453
2464 583
2464 1640
2464 2009
2464 2445
2465 547
2465 622
2465 1164
2465 1524
2466 473
2466 485
2466 1039
2466 2149
2467 223
2467 1124
2467 1138
2467 1621
2468 670
2468 1640
2468 2141
2468 2161
2469 1000
2469 1996
2469 2001
2469 2120
2470 144
2470 1569
2470 1978
2470 2395
2471 252
2471 470
2471 1168
2471 2008
2472 477
2472 843
2472 864
2472 2184
2473 532
2473 772
2473 1799
2473 1942
2474 261
2474 655
2474 1274
2474 1490
2475 390
2475 600
2475 2208
2475 2282
2476 524
2476 983
2476 1861
2476 2392
2477 305
2477 468
2477 1955
2477 2143
2478 92
2478 532
2478 2170
2478 2286
2479 678
2479 1131
2479 1283
2479 1777
2480 371
2480 1184
2480 1832
2480 2040
2481 732
2481 2042
2481 2147
2481 2306
2482 32
2482 368
2482 1086
2482 1481
2483 1417
2483 1626
2483 2266
2483 2475
2484 51
2484 479
2484 619
2484 1074
2485 613
2485 844
2485 1295
2485 2274
2486 595
2486 704
2486 1419
2486 2011
2487 1007
2487 2086
2487 2185
2487 2452
2488 216
2488 1544
2488 1710
2488 2349
2489 451
2489 830
2489 1251
2489 1401
2490 930
2490 1360
2490 1860
2490 2302
2491 918
2491 1532
2491 1907
2491 2449
2492 7
2492 247
2492 1315
2492 2475
2493 485
2493 680
2493 777
2493 794
2494 90
2494 456
2494 857
2494 2460
2495 4
2495 295
2495 1027
2495 1384
2496 606
2496 1850
2496 1888
2496 2341
2497 223
2497 968
2497 2010
2497 2391
2498 598
2498 907
2498 958
2498 2306
2499 140
2499 275
2499 774
2499 1427
2500 78
2500 551
2500 2024
2500 2233
