# The woods are lovely, dark and deep
# But I have promises to keep
# Size: 250 And miles to go before I sleep
# And miles to go before I sleep
1 67
1 113
1 122
1 169
2 21
2 54
2 72
2 186
3 52
3 62
3 74
3 249
4 76
4 184
4 185
4 201
5 16
5 107
5 157
5 220
6 17
6 51
6 94
6 172
7 38
7 57
7 130
7 207
8 8
8 14
8 44
8 101
9 62
9 191
9 203
9 219
10 38
10 46
10 58
10 192
11 151
11 197
11 221
11 222
12 40
12 56
12 72
12 131
13 72
13 197
13 235
13 243
14 142
14 188
14 194
14 240
15 132
15 133
15 164
15 198
16 31
16 37
16 47
16 85
17 5
17 87
17 106
17 193
18 6
18 56
18 239
18 247
19 16
19 48
19 77
19 225
20 15
20 75
20 205
20 217
21 62
21 205
21 225
21 248
22 66
22 72
22 209
22 234
23 22
23 187
23 215
23 248
24 38
24 157
24 194
24 245
25 4
25 116
25 239
25 242
26 17
26 42
26 139
26 165
27 40
27 50
27 95
27 195
28 55
28 171
28 183
28 233
29 75
29 98
29 203
29 204
30 110
30 173
30 204
30 248
31 23
31 107
31 191
31 214
32 90
32 123
32 155
32 240
33 110
33 145
33 189
33 217
34 38
34 65
34 120
34 199
35 67
35 168
35 174
35 202
36 16
36 39
36 87
36 241
37 69
37 122
37 170
37 171
38 32
38 99
38 223
38 225
39 55
39 97
39 126
39 177
40 25
40 35
40 201
40 219
41 16
41 148
41 154
41 205
42 38
42 74
42 151
42 165
43 64
43 89
43 114
43 152
44 15
44 121
44 163
44 237
45 54
45 62
45 109
45 195
46 33
46 34
46 73
46 157
47 140
47 142
47 167
47 224
48 47
48 63
48 117
48 215
49 21
49 38
49 41
49 135
50 27
50 31
50 72
50 242
51 96
51 139
51 164
51 170
52 4
52 104
52 157
52 208
53 18
53 61
53 129
53 143
54 14
54 193
54 210
54 214
55 9
55 12
55 37
55 100
56 47
56 86
56 118
56 199
57 66
57 174
57 184
57 193
58 71
58 132
58 143
58 146
59 10
59 36
59 40
59 136
60 20
60 144
60 219
60 233
61 50
61 98
61 115
61 187
62 27
62 150
62 204
62 243
63 112
63 154
63 163
63 169
64 99
64 136
64 202
64 224
65 1
65 163
65 192
65 224
66 11
66 18
66 48
66 180
67 13
67 63
67 130
67 177
68 104
68 169
68 231
68 244
69 150
69 161
69 163
69 201
70 5
70 33
70 107
70 243
71 64
71 75
71 126
71 243
72 89
72 141
72 158
72 227
73 3
73 87
73 132
73 137
74 22
74 29
74 35
74 65
75 19
75 24
75 63
75 171
76 97
76 183
76 193
76 201
77 69
77 97
77 134
77 145
78 42
78 93
78 178
78 199
79 12
79 93
79 186
79 229
80 118
80 125
80 209
80 213
81 14
81 66
81 106
81 168
82 12
82 73
82 201
82 249
83 7
83 33
83 85
83 201
84 125
84 139
84 169
84 219
85 48
85 89
85 126
85 160
86 35
86 39
86 50
86 120
87 49
87 67
87 141
87 203
88 14
88 190
88 209
88 237
89 1
89 181
89 182
89 231
90 19
90 54
90 176
90 193
91 1
91 105
91 160
91 175
92 29
92 155
92 167
92 173
93 9
93 103
93 153
93 219
94 25
94 42
94 101
94 176
95 51
95 91
95 168
95 236
96 24
96 99
96 129
96 206
97 50
97 75
97 76
97 182
98 27
98 197
98 223
98 228
99 36
99 149
99 248
99 250
100 17
100 136
100 159
100 180
101 52
101 216
101 217
101 246
102 93
102 101
102 210
102 226
103 95
103 166
103 216
103 240
104 33
104 37
104 129
104 145
105 29
105 50
105 193
105 198
106 35
106 62
106 70
106 138
107 74
107 162
107 180
107 223
108 71
108 79
108 89
108 234
109 18
109 157
109 187
109 228
110 67
110 137
110 140
110 231
111 37
111 152
111 186
111 236
112 6
112 28
112 132
112 208
113 60
113 117
113 173
113 225
114 71
114 133
114 159
114 225
115 40
115 70
115 94
115 178
116 58
116 132
116 175
116 199
117 86
117 135
117 152
117 241
118 21
118 59
118 147
118 188
119 121
119 167
119 183
119 246
120 13
120 208
120 209
120 234
121 27
121 51
121 201
121 207
122 105
122 119
122 179
122 190
123 62
123 106
123 161
123 222
124 100
124 139
124 178
124 225
125 35
125 50
125 56
125 120
126 7
126 15
126 98
126 182
127 65
127 92
127 99
127 152
128 22
128 146
128 166
128 193
129 48
129 55
129 91
129 125
130 51
130 97
130 190
130 207
131 2
131 24
131 88
131 227
132 22
132 67
132 148
132 233
133 123
133 146
133 239
133 250
134 13
134 104
134 133
134 198
135 52
135 58
135 205
135 224
136 2
136 23
136 135
136 202
137 4
137 95
137 138
137 193
138 2
138 68
138 193
138 222
139 68
139 143
139 177
139 244
140 7
140 107
140 126
140 195
141 20
141 60
141 63
141 181
142 53
142 111
142 205
142 227
143 18
143 27
143 69
143 210
144 28
144 153
144 203
144 207
145 72
145 149
145 219
145 236
146 43
146 58
146 175
146 222
147 32
147 60
147 108
147 109
148 5
148 27
148 105
148 178
149 120
149 213
149 216
149 237
150 55
150 72
150 221
150 239
151 85
151 95
151 137
151 228
152 24
152 98
152 206
152 212
153 12
153 57
153 101
153 222
154 13
154 29
154 107
154 132
155 131
155 148
155 194
155 196
156 122
156 135
156 186
156 223
157 13
157 80
157 117
157 136
158 71
158 75
158 79
158 91
159 54
159 71
159 145
159 234
160 75
160 129
160 164
160 229
161 93
161 138
161 149
161 245
162 96
162 120
162 138
162 222
163 50
163 185
163 234
163 242
164 24
164 115
164 197
164 216
165 23
165 73
165 104
165 179
166 83
166 105
166 201
166 223
167 40
167 111
167 135
167 185
168 56
168 90
168 101
168 150
169 77
169 143
169 173
169 239
170 34
170 133
170 190
170 245
171 113
171 174
171 206
171 239
172 8
172 26
172 212
172 216
173 46
173 106
173 136
173 192
174 10
174 15
174 110
174 208
175 10
175 12
175 70
175 132
176 47
176 143
176 199
176 226
177 33
177 55
177 70
177 193
178 48
178 89
178 227
178 231
179 5
179 71
179 192
179 199
180 39
180 78
180 118
180 216
181 28
181 184
181 195
181 224
182 21
182 40
182 57
182 209
183 20
183 83
183 106
183 166
184 89
184 213
184 234
184 241
185 40
185 57
185 166
185 183
186 30
186 110
186 138
186 215
187 90
187 95
187 200
187 225
188 37
188 126
188 152
188 208
189 34
189 114
189 173
189 216
190 99
190 104
190 126
190 205
191 74
191 173
191 193
191 210
192 42
192 71
192 168
192 232
193 113
193 149
193 156
193 190
194 55
194 72
194 244
194 249
195 22
195 153
195 183
195 228
196 8
196 65
196 127
196 178
197 16
197 30
197 133
197 175
198 60
198 114
198 157
198 238
199 55
199 166
199 187
199 231
200 121
200 130
200 135
200 216
201 6
201 17
201 24
201 27
202 75
202 143
202 163
202 206
203 111
203 135
203 236
203 244
204 12
204 19
204 168
204 192
205 6
205 182
205 224
205 235
206 67
206 94
206 152
206 206
207 103
207 178
207 226
207 232
208 57
208 131
208 146
208 177
209 37
209 151
209 156
209 170
210 32
210 126
210 193
210 243
211 37
211 106
211 137
211 146
212 30
212 160
212 200
212 212
213 70
213 97
213 202
213 220
214 22
214 65
214 200
214 202
215 53
215 69
215 75
215 180
216 33
216 114
216 142
216 203
217 57
217 105
217 164
217 242
218 46
218 117
218 191
218 200
219 46
219 48
219 79
219 184
220 53
220 160
220 174
220 208
221 112
221 160
221 210
221 228
222 69
222 81
222 216
222 244
223 36
223 63
223 89
223 195
224 21
224 32
224 138
224 158
225 24
225 116
225 181
225 198
226 16
226 58
226 60
226 126
227 2
227 105
227 122
227 238
228 74
228 141
228 158
228 178
229 80
229 100
229 180
229 222
230 55
230 79
230 105
230 215
231 5
231 65
231 185
231 233
232 104
232 153
232 171
232 232
233 27
233 59
233 70
233 179
234 48
234 97
234 131
234 237
235 63
235 157
235 187
235 241
236 69
236 121
236 127
236 195
237 70
237 88
237 166
237 239
238 40
238 138
238 170
238 212
239 15
239 27
239 143
239 232
240 12
240 32
240 35
240 157
241 34
241 82
241 85
241 188
242 66
242 80
242 206
242 218
243 99
243 138
243 171
243 198
244 66
244 188
244 196
244 249
245 96
245 103
245 166
245 234
246 15
246 32
246 51
246 109
247 29
247 41
247 59
247 106
248 35
248 53
248 167
248 201
249 69
249 136
249 155
249 228
250 45
250 86
250 151
250 218
