# The woods are lovely, dark and deep
# But I have promises to keep
# Size: 50 And miles to go before I sleep
# And miles to go before I sleep
1 6
1 25
1 37
1 41
2 15
2 18
2 26
2 42
3 1
3 15
3 31
3 32
4 13
4 27
4 32
4 34
5 2
5 17
5 42
5 43
6 2
6 21
6 29
6 31
7 1
7 6
7 7
7 50
8 14
8 38
8 44
8 47
9 19
9 30
9 43
9 46
10 13
10 17
10 35
10 39
11 5
11 14
11 32
11 33
12 3
12 29
12 42
12 46
13 16
13 17
13 24
13 39
14 7
14 20
14 29
14 33
15 11
15 14
15 24
15 49
16 5
16 12
16 17
16 43
17 24
17 25
17 34
17 39
18 31
18 46
18 47
18 48
19 10
19 15
19 36
19 37
20 19
20 23
20 37
20 41
21 32
21 37
21 47
21 48
22 3
22 27
22 31
22 42
23 11
23 17
23 18
23 36
24 19
24 32
24 36
24 47
25 17
25 28
25 47
25 49
26 17
26 18
26 31
26 49
27 17
27 23
27 29
27 31
28 12
28 18
28 38
28 43
29 13
29 30
29 43
29 50
30 6
30 21
30 32
30 34
31 2
31 13
31 35
31 44
32 19
32 20
32 27
32 39
33 22
33 28
33 37
33 47
34 27
34 34
34 38
34 50
35 9
35 10
35 37
35 49
36 32
36 34
36 38
36 42
37 19
37 31
37 36
37 50
38 9
38 29
38 45
38 49
39 16
39 28
39 34
39 36
40 14
40 18
40 21
40 24
41 25
41 29
41 45
41 47
42 7
42 24
42 25
42 44
43 4
43 19
43 33
43 35
44 10
44 14
44 18
44 32
45 11
45 31
45 47
45 49
46 9
46 16
46 21
46 27
47 1
47 2
47 7
47 13
48 3
48 24
48 26
48 31
49 1
49 18
49 32
49 42
50 14
50 18
50 21
50 31
