# The woods are lovely, dark and deep
# But I have promises to keep
# Size: 100 And miles to go before I sleep
# And miles to go before I sleep
1 12
1 30
1 41
1 78
2 5
2 66
2 87
2 96
3 3
3 79
3 86
3 93
4 34
4 61
4 63
4 71
5 29
5 39
5 45
5 66
6 19
6 86
6 89
6 95
7 30
7 49
7 50
7 79
8 32
8 84
8 88
8 94
9 2
9 6
9 24
9 27
10 47
10 48
10 75
10 100
11 2
11 36
11 54
11 62
12 11
12 56
12 80
12 94
13 11
13 65
13 80
13 89
14 30
14 36
14 48
14 86
15 3
15 30
15 39
15 43
16 5
16 6
16 91
16 99
17 6
17 56
17 76
17 100
18 73
18 85
18 86
18 98
19 1
19 8
19 59
19 79
20 11
20 47
20 50
20 68
21 4
21 26
21 68
21 90
22 34
22 75
22 80
22 99
23 57
23 69
23 87
23 97
24 19
24 46
24 75
24 90
25 19
25 51
25 87
25 93
26 10
26 22
26 47
26 55
27 20
27 43
27 44
27 59
28 52
28 58
28 69
28 75
29 31
29 36
29 41
29 66
30 60
30 62
30 85
30 86
31 45
31 47
31 58
31 67
32 17
32 27
32 43
32 64
33 8
33 27
33 31
33 34
34 53
34 70
34 86
34 89
35 7
35 15
35 28
35 56
36 2
36 33
36 63
36 71
37 25
37 27
37 28
37 38
38 13
38 30
38 41
38 82
39 3
39 28
39 37
39 78
40 32
40 67
40 80
40 87
41 2
41 23
41 50
41 60
42 3
42 45
42 57
42 69
43 62
43 69
43 70
43 93
44 29
44 75
44 83
44 84
45 32
45 39
45 75
45 79
46 6
46 12
46 35
46 66
47 26
47 79
47 83
47 89
48 16
48 45
48 75
48 95
49 3
49 24
49 26
49 78
50 37
50 38
50 73
50 81
51 5
51 28
51 54
51 66
52 21
52 44
52 73
52 84
53 11
53 42
53 50
53 64
54 6
54 25
54 36
54 80
55 15
55 64
55 82
55 93
56 51
56 64
56 86
56 95
57 1
57 27
57 69
57 73
58 1
58 18
58 21
58 99
59 28
59 36
59 56
59 64
60 3
60 10
60 30
60 73
61 9
61 38
61 56
61 90
62 20
62 61
62 68
62 76
63 53
63 57
63 80
63 86
64 60
64 69
64 91
64 92
65 30
65 43
65 69
65 72
66 11
66 22
66 39
66 67
67 2
67 5
67 49
67 91
68 26
68 80
68 95
68 96
69 19
69 30
69 33
69 99
70 2
70 37
70 50
70 86
71 50
71 78
71 79
71 94
72 8
72 17
72 21
72 38
73 4
73 10
73 82
73 86
74 3
74 5
74 59
74 96
75 25
75 58
75 70
75 92
76 55
76 61
76 79
76 85
77 42
77 56
77 74
77 80
78 12
78 48
78 64
78 87
79 24
79 45
79 49
79 58
80 33
80 61
80 83
80 93
81 42
81 53
81 66
81 70
82 4
82 19
82 30
82 67
83 11
83 51
83 60
83 91
84 9
84 14
84 22
84 98
85 28
85 31
85 41
85 100
86 3
86 24
86 65
86 91
87 17
87 64
87 74
87 84
88 18
88 66
88 69
88 97
89 8
89 37
89 38
89 64
90 20
90 41
90 68
90 79
91 40
91 52
91 81
91 86
92 15
92 32
92 36
92 53
93 37
93 92
93 94
93 99
94 13
94 35
94 76
94 91
95 6
95 20
95 53
95 56
96 48
96 50
96 79
96 87
97 59
97 62
97 71
97 89
98 20
98 38
98 44
98 78
99 16
99 43
99 78
99 94
100 16
100 34
100 55
100 65
