# The woods are lovely, dark and deep
# But I have promises to keep
# Size: 1000 And miles to go before I sleep
# And miles to go before I sleep
1 362
2 500
3 195
4 284
5 207
6 980
7 209
8 45
9 709
10 439
11 865
12 647
13 780
14 178
15 296
16 993
17 261
18 252
19 582
20 841
21 507
22 286
23 339
24 846
25 249
26 620
27 996
28 843
29 236
30 997
31 401
32 65
33 560
34 369
35 43
36 453
37 225
38 254
39 469
40 638
41 689
42 336
43 372
44 546
45 444
46 851
47 990
48 413
49 273
50 639
51 544
52 853
53 759
54 633
55 285
56 173
57 869
58 331
59 200
60 822
61 73
62 550
63 867
64 621
65 964
66 973
67 519
68 946
69 378
70 343
71 252
72 665
73 986
74 276
75 314
76 258
77 369
78 643
79 264
80 977
81 842
82 849
83 344
84 966
85 213
86 26
87 682
88 588
89 678
90 737
91 367
92 858
93 638
94 382
95 435
96 340
97 258
98 766
99 230
100 92
101 895
102 966
103 12
104 649
105 244
106 190
107 503
108 133
109 963
110 488
111 339
112 911
113 623
114 925
115 95
116 201
117 839
118 728
119 352
120 967
121 193
122 112
123 435
124 808
125 321
126 33
127 471
128 669
129 95
130 861
131 468
132 637
133 999
134 212
135 994
136 53
137 286
138 740
139 271
140 434
141 789
142 432
143 940
144 255
145 114
146 561
147 921
148 696
149 905
150 421
151 704
152 277
153 833
154 428
155 140
156 82
157 813
158 743
159 454
160 914
161 93
162 929
163 147
164 416
165 561
166 532
167 189
168 371
169 873
170 960
171 5
172 965
173 631
174 893
175 415
176 426
177 853
178 163
179 346
180 402
181 140
182 441
183 518
184 120
185 800
186 537
187 880
188 286
189 728
190 43
191 184
192 234
193 608
194 241
195 965
196 910
197 302
198 969
199 684
200 377
201 245
202 250
203 699
204 903
205 334
206 897
207 684
208 514
209 702
210 207
211 634
212 75
213 154
214 17
215 12
216 951
217 253
218 37
219 100
220 261
221 612
222 972
223 975
224 654
225 301
226 121
227 545
228 107
229 587
230 204
231 25
232 642
233 78
234 261
235 286
236 383
237 283
238 70
239 695
240 629
241 673
242 499
243 251
244 706
245 254
246 953
247 731
248 142
249 878
250 274
251 933
252 410
253 910
254 556
255 879
256 50
257 113
258 358
259 124
260 513
261 674
262 679
263 57
264 37
265 98
266 594
267 150
268 634
269 209
270 396
271 65
272 702
273 792
274 65
275 372
276 956
277 694
278 693
279 15
280 752
281 104
282 105
283 830
284 43
285 792
286 347
287 246
288 638
289 700
290 416
291 584
292 973
293 499
294 975
295 840
296 861
297 176
298 421
299 142
300 17
301 202
302 959
303 218
304 74
305 19
306 733
307 33
308 623
309 282
310 942
311 612
312 975
313 394
314 178
315 699
316 228
317 343
318 956
319 867
320 370
321 975
322 942
323 815
324 110
325 51
326 174
327 858
328 600
329 610
330 237
331 8
332 410
333 724
334 92
335 661
336 533
337 170
338 228
339 263
340 311
341 657
342 24
343 740
344 563
345 818
346 632
347 624
348 622
349 379
350 298
351 503
352 386
353 8
354 870
355 294
356 481
357 524
358 745
359 128
360 60
361 455
362 491
363 113
364 60
365 810
366 803
367 458
368 281
369 146
370 990
371 183
372 313
373 646
374 775
375 581
376 944
377 753
378 326
379 425
380 132
381 963
382 907
383 732
384 204
385 758
386 515
387 436
388 861
389 722
390 722
391 923
392 800
393 91
394 3
395 569
396 579
397 614
398 488
399 903
400 387
401 385
402 312
403 839
404 169
405 689
406 968
407 125
408 181
409 88
410 407
411 473
412 844
413 849
414 359
415 350
416 83
417 998
418 107
419 309
420 10
421 738
422 911
423 112
424 654
425 600
426 256
427 598
428 18
429 153
430 555
431 594
432 816
433 682
434 521
435 307
436 20
437 587
438 671
439 603
440 556
441 202
442 192
443 432
444 538
445 689
446 476
447 844
448 858
449 593
450 98
451 362
452 390
453 398
454 331
455 272
456 213
457 388
458 818
459 851
460 556
461 708
462 705
463 81
464 780
465 609
466 543
467 369
468 786
469 613
470 602
471 466
472 918
473 679
474 933
475 259
476 979
477 745
478 147
479 420
480 831
481 551
482 616
483 317
484 817
485 368
486 205
487 133
488 423
489 267
490 487
491 537
492 259
493 394
494 688
495 706
496 890
497 756
498 176
499 885
500 169
501 299
502 82
503 753
504 269
505 741
506 125
507 214
508 82
509 606
510 47
511 621
512 79
513 867
514 398
515 546
516 365
517 647
518 523
519 163
520 181
521 921
522 331
523 876
524 581
525 375
526 353
527 927
528 955
529 234
530 487
531 222
532 621
533 345
534 369
535 548
536 618
537 961
538 117
539 567
540 855
541 588
542 608
543 825
544 853
545 931
546 826
547 743
548 249
549 595
550 266
551 348
552 98
553 152
554 297
555 172
556 946
557 557
558 82
559 61
560 594
561 147
562 814
563 969
564 935
565 307
566 282
567 782
568 678
569 588
570 324
571 419
572 861
573 747
574 924
575 938
576 49
577 173
578 740
579 836
580 294
581 992
582 422
583 16
584 221
585 418
586 114
587 204
588 761
589 386
590 972
591 184
592 119
593 867
594 920
595 65
596 946
597 680
598 538
599 409
600 457
601 37
602 827
603 338
604 584
605 649
606 733
607 456
608 953
609 484
610 520
611 638
612 967
613 228
614 360
615 950
616 41
617 441
618 208
619 655
620 737
621 706
622 62
623 280
624 317
625 306
626 491
627 622
628 327
629 623
630 497
631 359
632 145
633 52
634 449
635 448
636 273
637 730
638 884
639 813
640 767
641 249
642 783
643 56
644 886
645 342
646 22
647 890
648 737
649 645
650 751
651 174
652 872
653 422
654 333
655 949
656 675
657 540
658 608
659 994
660 469
661 199
662 210
663 21
664 897
665 663
666 626
667 625
668 692
669 84
670 4
671 17
672 147
673 43
674 413
675 687
676 733
677 176
678 409
679 951
680 1
681 244
682 350
683 849
684 55
685 534
686 149
687 78
688 787
689 661
690 925
691 548
692 718
693 148
694 278
695 673
696 21
697 276
698 829
699 58
700 591
701 290
702 66
703 766
704 696
705 485
706 682
707 738
708 363
709 650
710 456
711 97
712 221
713 195
714 492
715 843
716 373
717 116
718 489
719 428
720 377
721 680
722 314
723 217
724 25
725 628
726 285
727 687
728 453
729 799
730 844
731 163
732 579
733 553
734 64
735 541
736 963
737 556
738 855
739 364
740 10
741 100
742 507
743 201
744 979
745 925
746 135
747 679
748 888
749 77
750 848
751 570
752 182
753 941
754 342
755 472
756 393
757 998
758 453
759 620
760 854
761 716
762 362
763 478
764 36
765 180
766 871
767 312
768 293
769 821
770 489
771 542
772 46
773 345
774 174
775 681
776 411
777 113
778 910
779 958
780 25
781 156
782 895
783 74
784 922
785 400
786 53
787 592
788 301
789 526
790 1000
791 198
792 263
793 888
794 398
795 62
796 168
797 767
798 207
799 609
800 72
801 668
802 594
803 533
804 185
805 278
806 289
807 651
808 513
809 713
810 588
811 458
812 557
813 887
814 378
815 521
816 722
817 963
818 337
819 397
820 526
821 108
822 339
823 9
824 266
825 134
826 295
827 435
828 936
829 345
830 957
831 391
832 796
833 168
834 993
835 198
836 312
837 173
838 420
839 146
840 636
841 10
842 360
843 699
844 229
845 482
846 245
847 279
848 697
849 565
850 529
851 760
852 936
853 609
854 150
855 939
856 998
857 634
858 3
859 395
860 516
861 359
862 665
863 574
864 808
865 276
866 389
867 122
868 484
869 665
870 451
871 936
872 604
873 499
874 379
875 231
876 787
877 349
878 837
879 873
880 750
881 308
882 345
883 464
884 441
885 495
886 415
887 606
888 356
889 472
890 525
891 864
892 400
893 377
894 172
895 201
896 654
897 101
898 172
899 328
900 307
901 213
902 469
903 475
904 311
905 590
906 338
907 957
908 724
909 563
910 871
911 561
912 75
913 652
914 373
915 612
916 797
917 55
918 85
919 329
920 477
921 646
922 818
923 875
924 124
925 992
926 155
927 951
928 468
929 624
930 350
931 847
932 514
933 655
934 455
935 320
936 583
937 592
938 752
939 106
940 282
941 296
942 707
943 465
944 390
945 784
946 308
947 587
948 874
949 183
950 160
951 384
952 886
953 991
954 996
955 289
956 34
957 458
958 205
959 448
960 146
961 675
962 517
963 909
964 675
965 605
966 616
967 828
968 373
969 664
970 258
971 584
972 623
973 969
974 462
975 961
976 190
977 852
978 788
979 699
980 948
981 172
982 245
983 101
984 124
985 453
986 951
987 310
988 776
989 266
990 313
991 220
992 406
993 447
994 2
995 238
996 249
997 577
998 123
999 812
1000 427
