# The woods are lovely, dark and deep
# But I have promises to keep
# Size: 1000 And miles to go before I sleep
# And miles to go before I sleep
1 38
1 97
1 133
1 412
1 547
1 769
1 784
1 927
2 46
2 173
2 184
2 220
2 328
2 407
2 491
2 734
3 147
3 228
3 314
3 375
3 731
3 817
3 867
3 992
4 363
4 419
4 497
4 565
4 683
4 684
4 808
4 848
5 107
5 200
5 208
5 612
5 621
5 679
5 772
5 999
6 149
6 265
6 287
6 443
6 601
6 802
6 985
6 991
7 332
7 352
7 638
7 677
7 686
7 842
7 886
7 945
8 274
8 417
8 478
8 486
8 496
8 527
8 860
8 866
9 70
9 205
9 241
9 290
9 334
9 810
9 915
9 987
10 47
10 81
10 214
10 278
10 285
10 608
10 748
10 759
11 62
11 89
11 138
11 312
11 602
11 748
11 873
11 923
12 28
12 31
12 112
12 267
12 359
12 545
12 569
12 889
13 129
13 252
13 302
13 494
13 513
13 678
13 722
13 819
14 71
14 470
14 513
14 523
14 755
14 796
14 853
14 976
15 49
15 285
15 319
15 322
15 595
15 815
15 854
15 866
16 94
16 318
16 381
16 466
16 747
16 824
16 874
16 891
17 104
17 215
17 292
17 314
17 567
17 624
17 676
17 740
18 339
18 386
18 432
18 445
18 500
18 506
18 511
18 593
19 4
19 17
19 151
19 178
19 179
19 587
19 612
19 991
20 108
20 112
20 344
20 410
20 476
20 816
20 945
20 953
21 128
21 305
21 368
21 454
21 487
21 794
21 819
21 871
22 94
22 258
22 467
22 482
22 494
22 756
22 917
22 964
23 18
23 86
23 614
23 675
23 789
23 791
23 808
23 944
24 16
24 230
24 417
24 511
24 562
24 612
24 647
24 824
25 2
25 323
25 407
25 585
25 670
25 878
25 935
25 943
26 132
26 181
26 242
26 281
26 400
26 525
26 660
26 792
27 1
27 421
27 430
27 602
27 659
27 733
27 763
27 945
28 73
28 141
28 319
28 517
28 603
28 629
28 841
28 909
29 191
29 272
29 372
29 593
29 603
29 697
29 851
29 960
30 86
30 230
30 504
30 539
30 803
30 819
30 865
30 878
31 39
31 267
31 273
31 278
31 389
31 398
31 648
31 676
32 102
32 121
32 153
32 175
32 260
32 327
32 365
32 492
33 54
33 244
33 290
33 472
33 736
33 900
33 969
33 981
34 380
34 391
34 579
34 601
34 657
34 675
34 797
34 885
35 259
35 260
35 372
35 423
35 424
35 743
35 953
35 987
36 2
36 74
36 364
36 394
36 426
36 480
36 482
36 836
37 128
37 200
37 329
37 382
37 769
37 906
37 959
37 997
38 151
38 225
38 391
38 449
38 634
38 691
38 800
38 804
39 81
39 165
39 299
39 413
39 455
39 486
39 688
39 870
40 67
40 341
40 383
40 701
40 704
40 764
40 773
40 840
41 88
41 293
41 384
41 402
41 463
41 642
41 689
41 862
42 31
42 51
42 169
42 354
42 361
42 377
42 407
42 975
43 30
43 234
43 458
43 523
43 570
43 864
43 903
43 966
44 121
44 147
44 227
44 268
44 388
44 463
44 513
44 612
45 151
45 380
45 417
45 549
45 553
45 637
45 713
45 730
46 211
46 330
46 434
46 456
46 489
46 765
46 827
46 857
47 184
47 198
47 199
47 335
47 377
47 429
47 591
47 792
48 3
48 90
48 202
48 545
48 695
48 715
48 891
48 949
49 30
49 64
49 98
49 99
49 136
49 142
49 884
49 960
50 71
50 248
50 356
50 536
50 595
50 742
50 937
50 957
51 355
51 358
51 393
51 482
51 533
51 565
51 809
51 828
52 179
52 320
52 351
52 391
52 513
52 609
52 850
52 933
53 317
53 348
53 369
53 570
53 575
53 615
53 622
53 734
54 12
54 232
54 630
54 634
54 785
54 793
54 946
54 972
55 116
55 204
55 314
55 343
55 446
55 505
55 645
55 952
56 161
56 285
56 472
56 531
56 628
56 788
56 939
56 970
57 62
57 212
57 519
57 633
57 639
57 778
57 832
57 1000
58 85
58 88
58 382
58 387
58 572
58 615
58 722
58 991
59 74
59 150
59 270
59 295
59 387
59 433
59 557
59 935
60 280
60 322
60 710
60 717
60 797
60 851
60 903
60 997
61 1
61 72
61 105
61 204
61 294
61 418
61 603
61 932
62 214
62 358
62 602
62 721
62 733
62 805
62 892
62 947
63 88
63 164
63 315
63 615
63 778
63 815
63 928
63 978
64 15
64 142
64 203
64 428
64 554
64 721
64 887
64 982
65 110
65 233
65 574
65 700
65 702
65 707
65 730
65 905
66 190
66 304
66 353
66 399
66 451
66 613
66 680
66 992
67 95
67 98
67 267
67 422
67 629
67 695
67 813
67 927
68 58
68 301
68 672
68 681
68 764
68 802
68 865
68 902
69 281
69 299
69 413
69 520
69 527
69 803
69 936
69 981
70 28
70 211
70 350
70 680
70 769
70 859
70 911
70 935
71 148
71 174
71 218
71 327
71 596
71 633
71 693
71 973
72 39
72 121
72 284
72 316
72 435
72 702
72 779
72 798
73 96
73 175
73 236
73 338
73 517
73 640
73 773
73 985
74 24
74 86
74 173
74 174
74 262
74 263
74 797
74 958
75 103
75 114
75 578
75 659
75 667
75 790
75 812
75 856
76 44
76 206
76 502
76 575
76 614
76 766
76 777
76 920
77 469
77 510
77 516
77 632
77 821
77 878
77 882
77 950
78 264
78 520
78 716
78 813
78 889
78 942
78 964
78 980
79 25
79 257
79 317
79 330
79 337
79 353
79 367
79 735
80 29
80 234
80 258
80 262
80 458
80 516
80 780
80 976
81 268
81 340
81 413
81 529
81 600
81 728
81 812
81 974
82 204
82 617
82 680
82 746
82 904
82 922
82 945
82 999
83 18
83 92
83 218
83 337
83 360
83 415
83 662
83 831
84 180
84 200
84 213
84 570
84 677
84 743
84 881
84 988
85 181
85 331
85 351
85 355
85 514
85 611
85 787
85 818
86 106
86 191
86 298
86 380
86 492
86 513
86 626
86 832
87 125
87 142
87 248
87 331
87 467
87 716
87 975
87 976
88 99
88 231
88 414
88 633
88 682
88 747
88 803
88 841
89 61
89 114
89 185
89 477
89 517
89 524
89 672
89 828
90 142
90 148
90 170
90 175
90 452
90 522
90 607
90 741
91 166
91 262
91 288
91 293
91 401
91 620
91 666
91 920
92 16
92 115
92 174
92 210
92 254
92 351
92 610
92 670
93 87
93 210
93 301
93 428
93 678
93 727
93 793
93 956
94 5
94 221
94 346
94 445
94 603
94 651
94 871
94 994
95 137
95 153
95 308
95 582
95 700
95 871
95 948
95 957
96 10
96 339
96 414
96 694
96 706
96 955
96 966
96 993
97 108
97 156
97 385
97 670
97 678
97 841
97 871
97 972
98 79
98 164
98 361
98 406
98 867
98 935
98 959
98 994
99 31
99 220
99 303
99 429
99 838
99 942
99 969
99 970
100 95
100 497
100 498
100 545
100 646
100 712
100 759
100 839
101 16
101 90
101 193
101 386
101 608
101 686
101 796
101 883
102 241
102 365
102 449
102 574
102 643
102 724
102 905
102 955
103 42
103 229
103 366
103 530
103 657
103 836
103 842
103 982
104 100
104 390
104 392
104 410
104 543
104 581
104 772
104 784
105 42
105 235
105 268
105 403
105 486
105 499
105 572
105 670
106 271
106 548
106 576
106 688
106 738
106 877
106 890
106 933
107 175
107 226
107 298
107 509
107 747
107 771
107 899
107 920
108 13
108 71
108 245
108 299
108 351
108 631
108 706
108 808
109 45
109 116
109 145
109 151
109 351
109 484
109 499
109 835
110 104
110 214
110 342
110 762
110 783
110 797
110 830
110 900
111 35
111 40
111 175
111 242
111 573
111 610
111 626
111 898
112 63
112 109
112 339
112 371
112 410
112 431
112 721
112 985
113 60
113 200
113 238
113 376
113 495
113 562
113 933
113 993
114 88
114 467
114 497
114 552
114 553
114 692
114 744
114 856
115 106
115 222
115 451
115 486
115 638
115 734
115 850
115 908
116 210
116 291
116 361
116 426
116 449
116 511
116 638
116 982
117 14
117 297
117 372
117 511
117 798
117 852
117 924
117 998
118 120
118 128
118 167
118 364
118 527
118 659
118 758
118 903
119 230
119 246
119 382
119 418
119 630
119 897
119 931
119 991
120 96
120 200
120 336
120 366
120 375
120 744
120 794
120 898
121 79
121 158
121 270
121 472
121 535
121 669
121 739
121 977
122 67
122 220
122 297
122 774
122 783
122 784
122 844
122 913
123 83
123 254
123 442
123 571
123 668
123 710
123 891
123 991
124 180
124 469
124 622
124 841
124 846
124 916
124 929
124 935
125 105
125 248
125 371
125 535
125 624
125 628
125 724
125 891
126 114
126 289
126 308
126 376
126 385
126 483
126 552
126 845
127 175
127 256
127 350
127 565
127 735
127 775
127 915
127 997
128 214
128 430
128 466
128 532
128 580
128 687
128 776
128 870
129 448
129 484
129 541
129 709
129 770
129 779
129 921
129 990
130 23
130 91
130 220
130 400
130 529
130 823
130 858
130 975
131 195
131 232
131 748
131 784
131 791
131 793
131 821
131 922
132 102
132 105
132 130
132 152
132 156
132 232
132 256
132 573
133 50
133 402
133 407
133 553
133 671
133 782
133 851
133 915
134 108
134 213
134 393
134 412
134 420
134 468
134 488
134 988
135 163
135 248
135 342
135 391
135 695
135 820
135 922
135 944
136 11
136 309
136 436
136 541
136 646
136 756
136 895
136 975
137 26
137 350
137 401
137 493
137 526
137 588
137 612
137 762
138 41
138 228
138 285
138 321
138 371
138 481
138 671
138 992
139 361
139 431
139 502
139 559
139 606
139 717
139 842
139 848
140 80
140 250
140 419
140 422
140 603
140 672
140 768
140 897
141 60
141 199
141 414
141 460
141 528
141 658
141 692
141 908
142 197
142 261
142 448
142 522
142 636
142 877
142 953
142 955
143 1
143 12
143 261
143 437
143 489
143 758
143 892
143 955
144 11
144 78
144 254
144 479
144 481
144 515
144 552
144 692
145 11
145 344
145 525
145 556
145 582
145 588
145 753
145 759
146 60
146 286
146 356
146 393
146 423
146 605
146 716
146 777
147 127
147 152
147 425
147 493
147 496
147 581
147 914
147 985
148 77
148 80
148 120
148 138
148 360
148 497
148 651
148 735
149 97
149 143
149 173
149 237
149 347
149 458
149 842
149 861
150 37
150 250
150 275
150 288
150 401
150 420
150 450
150 705
151 4
151 17
151 35
151 146
151 310
151 536
151 691
151 917
152 236
152 247
152 411
152 532
152 589
152 606
152 644
152 800
153 48
153 221
153 278
153 304
153 423
153 428
153 750
153 990
154 78
154 118
154 250
154 277
154 369
154 456
154 603
154 752
155 137
155 195
155 209
155 393
155 464
155 714
155 724
155 727
156 299
156 430
156 486
156 515
156 660
156 712
156 929
156 931
157 79
157 204
157 284
157 426
157 509
157 558
157 604
157 922
158 180
158 261
158 507
158 532
158 702
158 759
158 838
158 954
159 60
159 166
159 380
159 506
159 593
159 785
159 829
159 902
160 33
160 79
160 136
160 198
160 279
160 386
160 794
160 853
161 145
161 216
161 375
161 444
161 522
161 609
161 717
161 832
162 103
162 259
162 491
162 641
162 775
162 900
162 913
162 943
163 131
163 154
163 182
163 268
163 505
163 688
163 820
163 977
164 129
164 281
164 327
164 396
164 469
164 584
164 760
164 924
165 43
165 132
165 521
165 526
165 537
165 671
165 888
165 925
166 54
166 223
166 315
166 527
166 653
166 664
166 772
166 940
167 68
167 93
167 248
167 295
167 711
167 748
167 762
167 901
168 338
168 356
168 518
168 536
168 609
168 789
168 996
168 998
169 108
169 122
169 245
169 279
169 379
169 661
169 700
169 856
170 410
170 722
170 746
170 841
170 856
170 905
170 906
170 975
171 61
171 164
171 182
171 391
171 393
171 552
171 638
171 692
172 207
172 214
172 301
172 374
172 427
172 533
172 698
172 801
173 27
173 121
173 181
173 201
173 268
173 285
173 612
173 827
174 30
174 268
174 390
174 513
174 525
174 717
174 772
174 863
175 103
175 220
175 517
175 638
175 648
175 763
175 822
175 957
176 26
176 39
176 213
176 411
176 527
176 582
176 717
176 906
177 111
177 118
177 151
177 248
177 478
177 571
177 745
177 809
178 60
178 76
178 155
178 251
178 397
178 419
178 777
178 974
179 176
179 375
179 534
179 789
179 880
179 897
179 935
179 968
180 71
180 214
180 271
180 441
180 638
180 697
180 702
180 874
181 456
181 464
181 465
181 644
181 699
181 794
181 913
181 958
182 46
182 286
182 422
182 424
182 461
182 627
182 645
182 942
183 106
183 162
183 232
183 358
183 540
183 553
183 862
183 976
184 28
184 151
184 381
184 428
184 841
184 874
184 890
184 929
185 10
185 18
185 145
185 260
185 460
185 647
185 723
185 882
186 56
186 265
186 295
186 315
186 455
186 892
186 894
186 931
187 188
187 196
187 276
187 353
187 427
187 600
187 892
187 908
188 419
188 481
188 567
188 614
188 725
188 784
188 798
188 913
189 131
189 468
189 473
189 495
189 512
189 520
189 925
189 930
190 91
190 228
190 399
190 446
190 608
190 720
190 801
190 830
191 374
191 397
191 459
191 634
191 689
191 779
191 816
191 873
192 103
192 275
192 338
192 585
192 706
192 728
192 812
192 917
193 70
193 133
193 217
193 544
193 545
193 555
193 836
193 985
194 192
194 379
194 447
194 459
194 536
194 866
194 869
194 931
195 103
195 189
195 316
195 658
195 670
195 763
195 881
195 970
196 146
196 159
196 225
196 229
196 416
196 631
196 713
196 896
197 462
197 480
197 542
197 560
197 615
197 657
197 712
197 829
198 13
198 154
198 160
198 349
198 472
198 585
198 621
198 651
199 8
199 41
199 260
199 346
199 604
199 705
199 855
199 921
200 38
200 138
200 486
200 661
200 691
200 712
200 773
200 826
201 154
201 249
201 287
201 384
201 470
201 716
201 765
201 976
202 67
202 105
202 109
202 559
202 683
202 706
202 766
202 944
203 119
203 157
203 205
203 218
203 402
203 546
203 741
203 863
204 378
204 583
204 603
204 751
204 845
204 905
204 924
204 974
205 108
205 167
205 451
205 621
205 694
205 808
205 953
205 968
206 33
206 152
206 245
206 296
206 546
206 693
206 920
206 929
207 56
207 123
207 465
207 704
207 710
207 778
207 941
207 944
208 25
208 65
208 139
208 151
208 690
208 702
208 848
208 923
209 47
209 143
209 187
209 363
209 509
209 560
209 681
209 790
210 273
210 333
210 394
210 412
210 415
210 632
210 765
210 821
211 217
211 296
211 327
211 440
211 507
211 585
211 626
211 689
212 22
212 47
212 141
212 190
212 330
212 422
212 441
212 545
213 20
213 329
213 383
213 600
213 698
213 720
213 845
213 859
214 47
214 311
214 474
214 479
214 497
214 677
214 699
214 836
215 56
215 152
215 363
215 435
215 645
215 704
215 935
215 984
216 40
216 142
216 445
216 513
216 604
216 868
216 883
216 973
217 169
217 339
217 444
217 467
217 651
217 723
217 759
217 782
218 135
218 324
218 428
218 491
218 510
218 839
218 869
218 898
219 228
219 605
219 707
219 777
219 887
219 954
219 988
219 993
220 4
220 30
220 76
220 320
220 347
220 794
220 906
220 976
221 48
221 124
221 591
221 620
221 629
221 703
221 754
221 899
222 9
222 34
222 149
222 255
222 317
222 464
222 583
222 749
223 4
223 46
223 157
223 459
223 631
223 734
223 893
223 933
224 168
224 203
224 235
224 268
224 399
224 544
224 675
224 785
225 51
225 447
225 651
225 785
225 794
225 804
225 824
225 933
226 180
226 319
226 430
226 550
226 589
226 694
226 797
226 884
227 34
227 163
227 357
227 396
227 711
227 765
227 769
227 893
228 371
228 458
228 559
228 616
228 660
228 831
228 962
228 977
229 123
229 130
229 160
229 406
229 464
229 477
229 763
229 966
230 176
230 248
230 302
230 470
230 539
230 574
230 676
230 835
231 31
231 81
231 125
231 305
231 404
231 791
231 915
231 966
232 25
232 270
232 526
232 586
232 596
232 773
232 812
232 957
233 171
233 243
233 292
233 313
233 699
233 710
233 807
233 815
234 38
234 289
234 324
234 527
234 556
234 637
234 695
234 860
235 138
235 213
235 222
235 229
235 314
235 372
235 549
235 720
236 169
236 302
236 362
236 366
236 533
236 842
236 875
236 938
237 7
237 100
237 131
237 137
237 477
237 680
237 714
237 854
238 80
238 95
238 148
238 168
238 202
238 754
238 813
238 906
239 78
239 96
239 134
239 314
239 348
239 476
239 555
239 751
240 109
240 197
240 288
240 530
240 588
240 769
240 955
240 994
241 241
241 285
241 292
241 320
241 426
241 560
241 861
241 966
242 61
242 227
242 411
242 478
242 484
242 559
242 567
242 570
243 159
243 171
243 419
243 423
243 533
243 579
243 704
243 881
244 16
244 114
244 443
244 614
244 785
244 816
244 824
244 927
245 30
245 44
245 153
245 370
245 383
245 668
245 680
245 715
246 14
246 131
246 239
246 253
246 412
246 488
246 650
246 934
247 94
247 610
247 675
247 714
247 848
247 858
247 886
247 999
248 19
248 183
248 420
248 510
248 568
248 653
248 662
248 948
249 124
249 236
249 425
249 438
249 659
249 708
249 935
249 944
250 8
250 200
250 244
250 272
250 608
250 620
250 854
250 871
251 26
251 137
251 158
251 297
251 392
251 499
251 707
251 955
252 156
252 271
252 292
252 349
252 420
252 453
252 506
252 664
253 199
253 268
253 584
253 602
253 669
253 714
253 864
253 944
254 276
254 351
254 411
254 439
254 564
254 599
254 950
254 983
255 49
255 291
255 298
255 414
255 619
255 700
255 885
255 942
256 83
256 95
256 127
256 567
256 611
256 738
256 788
256 823
257 5
257 102
257 121
257 435
257 476
257 820
257 854
257 917
258 111
258 141
258 203
258 206
258 244
258 345
258 385
258 770
259 73
259 203
259 267
259 291
259 381
259 447
259 752
259 808
260 98
260 185
260 314
260 484
260 578
260 657
260 787
260 838
261 13
261 154
261 395
261 524
261 563
261 800
261 845
261 983
262 104
262 220
262 221
262 427
262 507
262 622
262 891
262 925
263 84
263 274
263 298
263 356
263 390
263 475
263 627
263 640
264 93
264 105
264 238
264 565
264 754
264 853
264 896
264 941
265 50
265 247
265 406
265 435
265 477
265 526
265 610
265 964
266 19
266 322
266 463
266 526
266 541
266 678
266 814
266 823
267 17
267 79
267 533
267 624
267 739
267 785
267 812
267 952
268 117
268 164
268 321
268 355
268 617
268 673
268 788
268 903
269 66
269 150
269 162
269 176
269 288
269 703
269 838
269 890
270 13
270 92
270 199
270 415
270 521
270 591
270 883
270 973
271 10
271 81
271 166
271 378
271 620
271 633
271 724
271 965
272 70
272 176
272 193
272 259
272 728
272 744
272 807
272 880
273 28
273 105
273 137
273 565
273 675
273 698
273 712
273 916
274 173
274 209
274 253
274 297
274 306
274 403
274 676
274 902
275 73
275 284
275 454
275 526
275 580
275 624
275 770
275 936
276 19
276 92
276 129
276 481
276 582
276 785
276 791
276 864
277 140
277 224
277 243
277 545
277 559
277 727
277 756
277 821
278 21
278 23
278 131
278 232
278 354
278 438
278 875
278 929
279 22
279 24
279 33
279 120
279 219
279 484
279 711
279 794
280 103
280 163
280 293
280 322
280 509
280 638
280 671
280 973
281 42
281 60
281 197
281 340
281 385
281 526
281 829
281 1000
282 154
282 249
282 341
282 475
282 562
282 596
282 840
282 989
283 20
283 160
283 428
283 658
283 700
283 809
283 841
283 872
284 128
284 131
284 223
284 228
284 557
284 762
284 834
284 964
285 24
285 297
285 344
285 603
285 789
285 873
285 905
285 907
286 29
286 136
286 205
286 414
286 568
286 694
286 784
286 841
287 7
287 90
287 177
287 228
287 784
287 843
287 861
287 880
288 231
288 630
288 694
288 698
288 792
288 901
288 909
288 963
289 196
289 231
289 615
289 821
289 877
289 887
289 899
289 949
290 173
290 245
290 335
290 573
290 738
290 832
290 903
290 924
291 125
291 169
291 359
291 658
291 737
291 748
291 800
291 924
292 73
292 206
292 242
292 558
292 621
292 760
292 859
292 930
293 176
293 261
293 615
293 759
293 770
293 795
293 861
293 976
294 49
294 125
294 271
294 339
294 573
294 621
294 895
294 902
295 569
295 601
295 685
295 818
295 873
295 918
295 924
295 988
296 107
296 151
296 230
296 319
296 644
296 703
296 812
296 885
297 82
297 172
297 284
297 411
297 469
297 780
297 907
297 937
298 9
298 104
298 345
298 543
298 649
298 853
298 878
298 923
299 48
299 241
299 334
299 516
299 576
299 799
299 882
299 981
300 87
300 160
300 285
300 295
300 322
300 324
300 331
300 804
301 50
301 172
301 209
301 248
301 311
301 483
301 704
301 998
302 374
302 399
302 590
302 700
302 723
302 802
302 805
302 874
303 222
303 246
303 324
303 350
303 397
303 791
303 804
303 935
304 121
304 141
304 219
304 309
304 437
304 441
304 455
304 877
305 87
305 226
305 260
305 311
305 423
305 790
305 882
305 926
306 250
306 650
306 700
306 792
306 807
306 923
306 944
306 962
307 83
307 97
307 116
307 172
307 313
307 444
307 708
307 919
308 141
308 258
308 264
308 288
308 445
308 656
308 728
308 856
309 246
309 359
309 474
309 538
309 565
309 598
309 917
309 922
310 31
310 37
310 233
310 251
310 712
310 788
310 876
310 900
311 130
311 249
311 303
311 336
311 518
311 680
311 686
311 762
312 21
312 129
312 190
312 250
312 277
312 441
312 462
312 911
313 45
313 54
313 323
313 775
313 783
313 828
313 869
313 915
314 73
314 218
314 225
314 256
314 421
314 465
314 799
314 805
315 55
315 181
315 407
315 506
315 663
315 822
315 838
315 990
316 243
316 245
316 324
316 422
316 695
316 703
316 713
316 792
317 51
317 417
317 507
317 528
317 636
317 654
317 686
317 910
318 36
318 191
318 329
318 424
318 510
318 647
318 899
318 921
319 141
319 293
319 328
319 364
319 446
319 466
319 476
319 899
320 84
320 366
320 452
320 623
320 703
320 726
320 752
320 839
321 105
321 158
321 380
321 605
321 622
321 675
321 765
321 846
322 70
322 173
322 226
322 285
322 519
322 709
322 725
322 864
323 4
323 24
323 102
323 170
323 486
323 546
323 755
323 959
324 281
324 377
324 415
324 443
324 598
324 649
324 755
324 787
325 77
325 88
325 94
325 124
325 317
325 383
325 642
325 751
326 416
326 495
326 507
326 681
326 769
326 865
326 910
326 985
327 54
327 181
327 215
327 258
327 279
327 420
327 546
327 632
328 195
328 269
328 316
328 432
328 579
328 687
328 891
328 932
329 11
329 143
329 270
329 275
329 496
329 525
329 765
329 922
330 196
330 211
330 246
330 294
330 411
330 672
330 861
330 969
331 201
331 325
331 357
331 372
331 554
331 561
331 800
331 872
332 3
332 84
332 98
332 155
332 203
332 477
332 641
332 971
333 39
333 108
333 217
333 384
333 458
333 512
333 527
333 878
334 40
334 374
334 433
334 442
334 489
334 697
334 755
334 927
335 115
335 179
335 189
335 281
335 465
335 508
335 841
335 974
336 25
336 504
336 577
336 801
336 830
336 901
336 907
336 995
337 268
337 338
337 425
337 532
337 777
337 840
337 853
337 899
338 60
338 386
338 399
338 517
338 576
338 580
338 687
338 726
339 128
339 168
339 299
339 389
339 430
339 714
339 746
339 925
340 152
340 274
340 369
340 652
340 656
340 786
340 936
340 962
341 224
341 263
341 408
341 552
341 683
341 846
341 848
341 924
342 170
342 300
342 330
342 398
342 601
342 665
342 926
342 986
343 147
343 154
343 192
343 560
343 580
343 747
343 873
343 940
344 186
344 266
344 490
344 504
344 568
344 852
344 868
344 997
345 109
345 130
345 194
345 222
345 671
345 849
345 886
345 897
346 26
346 230
346 319
346 434
346 486
346 721
346 729
346 948
347 92
347 183
347 343
347 500
347 596
347 602
347 617
347 785
348 171
348 294
348 383
348 520
348 557
348 578
348 631
348 768
349 7
349 16
349 28
349 458
349 461
349 470
349 611
349 831
350 34
350 97
350 229
350 376
350 563
350 574
350 832
350 894
351 357
351 418
351 524
351 741
351 818
351 927
351 941
351 1000
352 35
352 57
352 210
352 272
352 303
352 720
352 919
352 941
353 137
353 185
353 429
353 436
353 525
353 648
353 689
353 835
354 202
354 274
354 316
354 448
354 542
354 609
354 696
354 943
355 97
355 308
355 445
355 490
355 502
355 576
355 663
355 750
356 125
356 310
356 355
356 422
356 517
356 540
356 704
356 980
357 25
357 269
357 360
357 420
357 434
357 562
357 638
357 918
358 136
358 159
358 316
358 631
358 705
358 869
358 920
358 946
359 73
359 503
359 742
359 750
359 814
359 945
359 946
359 985
360 33
360 84
360 142
360 471
360 886
360 897
360 917
360 926
361 179
361 237
361 283
361 319
361 437
361 457
361 798
361 836
362 263
362 391
362 440
362 471
362 741
362 909
362 911
362 938
363 36
363 272
363 291
363 527
363 638
363 699
363 847
363 974
364 227
364 382
364 463
364 511
364 575
364 739
364 870
364 935
365 184
365 201
365 224
365 274
365 358
365 602
365 751
365 873
366 45
366 96
366 309
366 365
366 404
366 566
366 727
366 843
367 20
367 89
367 155
367 232
367 386
367 413
367 604
367 807
368 55
368 187
368 265
368 350
368 409
368 586
368 706
368 953
369 53
369 79
369 162
369 309
369 332
369 451
369 654
369 998
370 23
370 294
370 362
370 542
370 551
370 656
370 852
370 862
371 66
371 102
371 117
371 142
371 245
371 330
371 441
371 851
372 145
372 263
372 354
372 449
372 643
372 681
372 807
372 946
373 171
373 215
373 366
373 373
373 461
373 693
373 708
373 910
374 12
374 52
374 75
374 361
374 471
374 496
374 949
374 963
375 138
375 369
375 431
375 566
375 906
375 912
375 916
375 932
376 247
376 392
376 394
376 594
376 797
376 822
376 835
376 961
377 125
377 407
377 422
377 577
377 768
377 789
377 963
377 998
378 6
378 77
378 170
378 442
378 673
378 804
378 918
378 929
379 22
379 49
379 542
379 644
379 663
379 849
379 945
379 954
380 158
380 160
380 180
380 194
380 641
380 669
380 856
380 973
381 38
381 50
381 96
381 178
381 232
381 864
381 984
381 1000
382 38
382 76
382 130
382 323
382 463
382 634
382 738
382 847
383 9
383 39
383 102
383 269
383 336
383 407
383 542
383 739
384 81
384 179
384 201
384 234
384 422
384 593
384 632
384 924
385 53
385 156
385 215
385 514
385 557
385 700
385 871
385 952
386 32
386 97
386 262
386 350
386 658
386 788
386 842
386 967
387 223
387 366
387 372
387 457
387 654
387 768
387 804
387 881
388 58
388 148
388 344
388 418
388 486
388 811
388 926
388 989
389 107
389 115
389 156
389 169
389 417
389 518
389 631
389 838
390 77
390 171
390 341
390 380
390 647
390 844
390 848
390 947
391 287
391 301
391 430
391 637
391 652
391 683
391 835
391 992
392 315
392 431
392 534
392 559
392 778
392 854
392 859
392 992
393 16
393 52
393 219
393 253
393 285
393 586
393 615
393 881
394 96
394 310
394 311
394 337
394 690
394 747
394 784
394 921
395 282
395 554
395 620
395 667
395 701
395 721
395 764
395 782
396 403
396 657
396 659
396 696
396 907
396 928
396 966
396 967
397 50
397 255
397 366
397 413
397 435
397 575
397 656
397 988
398 313
398 409
398 426
398 439
398 529
398 587
398 715
398 955
399 71
399 179
399 258
399 381
399 405
399 698
399 765
399 923
400 21
400 154
400 250
400 376
400 447
400 489
400 546
400 558
401 28
401 104
401 166
401 596
401 629
401 831
401 882
401 992
402 11
402 16
402 62
402 161
402 320
402 388
402 451
402 731
403 154
403 232
403 309
403 391
403 783
403 895
403 923
403 973
404 2
404 117
404 258
404 426
404 664
404 793
404 820
404 959
405 69
405 78
405 240
405 291
405 466
405 634
405 750
405 874
406 240
406 384
406 541
406 621
406 689
406 793
406 853
406 906
407 245
407 310
407 530
407 559
407 611
407 718
407 823
407 883
408 170
408 257
408 309
408 389
408 454
408 538
408 583
408 788
409 109
409 116
409 140
409 537
409 764
409 819
409 848
409 987
410 165
410 252
410 326
410 423
410 528
410 592
410 652
410 876
411 276
411 374
411 400
411 634
411 644
411 760
411 810
411 905
412 130
412 453
412 690
412 703
412 894
412 964
412 981
412 982
413 8
413 73
413 231
413 487
413 535
413 591
413 788
413 884
414 114
414 310
414 370
414 717
414 759
414 781
414 824
414 930
415 54
415 103
415 381
415 414
415 509
415 582
415 740
415 888
416 57
416 211
416 270
416 304
416 355
416 649
416 761
416 776
417 209
417 319
417 324
417 405
417 637
417 729
417 835
417 977
418 289
418 388
418 580
418 596
418 619
418 660
418 849
418 880
419 349
419 438
419 497
419 604
419 615
419 760
419 789
419 799
420 122
420 491
420 535
420 544
420 606
420 682
420 739
420 925
421 23
421 41
421 110
421 164
421 342
421 534
421 595
421 738
422 8
422 13
422 153
422 193
422 296
422 477
422 807
422 864
423 23
423 156
423 163
423 211
423 431
423 597
423 668
423 892
424 540
424 556
424 647
424 659
424 694
424 764
424 887
424 942
425 201
425 398
425 501
425 524
425 547
425 591
425 793
425 805
426 59
426 102
426 393
426 413
426 680
426 736
426 753
426 805
427 57
427 72
427 257
427 547
427 607
427 682
427 728
427 915
428 1
428 7
428 122
428 159
428 854
428 953
428 963
428 979
429 37
429 58
429 185
429 241
429 408
429 654
429 911
429 991
430 239
430 257
430 261
430 360
430 628
430 722
430 747
430 874
431 22
431 174
431 449
431 589
431 620
431 776
431 850
431 931
432 197
432 201
432 223
432 329
432 338
432 439
432 462
432 964
433 325
433 454
433 457
433 592
433 603
433 751
433 788
433 838
434 73
434 149
434 396
434 424
434 569
434 629
434 967
434 970
435 27
435 60
435 160
435 214
435 548
435 697
435 826
435 893
436 41
436 90
436 158
436 167
436 333
436 581
436 663
436 848
437 117
437 118
437 218
437 351
437 424
437 473
437 482
437 768
438 152
438 193
438 200
438 259
438 487
438 490
438 793
438 991
439 146
439 207
439 247
439 485
439 546
439 564
439 622
439 873
440 196
440 480
440 576
440 723
440 773
440 855
440 877
440 975
441 86
441 170
441 216
441 245
441 264
441 713
441 825
441 995
442 48
442 275
442 324
442 380
442 413
442 429
442 627
442 697
443 38
443 232
443 586
443 598
443 600
443 607
443 716
443 807
444 12
444 143
444 265
444 310
444 366
444 557
444 708
444 948
445 194
445 273
445 399
445 532
445 584
445 688
445 749
445 986
446 158
446 219
446 387
446 421
446 475
446 580
446 642
446 667
447 37
447 151
447 439
447 494
447 537
447 634
447 796
447 928
448 91
448 268
448 389
448 505
448 524
448 667
448 757
448 915
449 123
449 188
449 272
449 318
449 396
449 702
449 852
449 985
450 67
450 101
450 123
450 335
450 395
450 448
450 545
450 759
451 44
451 259
451 267
451 600
451 618
451 716
451 814
451 951
452 71
452 241
452 517
452 636
452 659
452 718
452 725
452 829
453 39
453 389
453 596
453 621
453 714
453 715
453 775
453 838
454 54
454 116
454 121
454 170
454 363
454 415
454 656
454 878
455 35
455 89
455 279
455 374
455 378
455 520
455 754
455 793
456 183
456 308
456 345
456 390
456 417
456 689
456 807
456 968
457 43
457 124
457 481
457 552
457 738
457 785
457 941
457 979
458 318
458 368
458 507
458 523
458 541
458 555
458 629
458 966
459 155
459 242
459 353
459 362
459 478
459 527
459 792
459 979
460 148
460 167
460 177
460 219
460 287
460 366
460 579
460 729
461 358
461 423
461 433
461 470
461 551
461 726
461 737
461 896
462 105
462 177
462 190
462 535
462 783
462 862
462 876
462 968
463 55
463 61
463 390
463 693
463 759
463 812
463 939
463 986
464 7
464 74
464 227
464 269
464 321
464 399
464 774
464 840
465 24
465 26
465 179
465 195
465 356
465 661
465 684
465 811
466 123
466 258
466 334
466 340
466 465
466 651
466 679
466 851
467 15
467 102
467 104
467 152
467 310
467 515
467 952
467 974
468 231
468 391
468 437
468 533
468 600
468 803
468 846
468 950
469 43
469 112
469 184
469 411
469 565
469 809
469 898
469 906
470 86
470 244
470 594
470 627
470 762
470 866
470 879
470 959
471 329
471 500
471 581
471 623
471 671
471 812
471 892
471 978
472 118
472 249
472 409
472 493
472 539
472 586
472 782
472 964
473 73
473 176
473 294
473 362
473 384
473 778
473 952
473 991
474 139
474 268
474 423
474 424
474 708
474 812
474 877
474 905
475 19
475 178
475 182
475 246
475 787
475 834
475 839
475 946
476 18
476 195
476 463
476 481
476 667
476 677
476 990
476 999
477 96
477 206
477 305
477 486
477 526
477 758
477 766
477 774
478 53
478 512
478 651
478 718
478 747
478 877
478 897
478 965
479 50
479 124
479 252
479 261
479 398
479 425
479 928
479 980
480 68
480 69
480 168
480 250
480 438
480 654
480 930
480 965
481 119
481 183
481 209
481 397
481 582
481 623
481 745
481 786
482 26
482 87
482 419
482 679
482 728
482 756
482 960
482 970
483 263
483 327
483 432
483 483
483 515
483 685
483 754
483 873
484 478
484 480
484 597
484 638
484 762
484 858
484 883
484 947
485 250
485 339
485 353
485 427
485 670
485 815
485 917
485 958
486 94
486 563
486 592
486 624
486 694
486 703
486 889
486 989
487 228
487 308
487 427
487 592
487 750
487 891
487 900
487 912
488 9
488 170
488 205
488 369
488 449
488 456
488 843
488 936
489 169
489 313
489 404
489 590
489 596
489 781
489 904
489 919
490 24
490 108
490 422
490 447
490 514
490 535
490 570
490 827
491 122
491 206
491 474
491 865
491 869
491 871
491 908
491 963
492 104
492 219
492 226
492 406
492 493
492 789
492 815
492 889
493 30
493 179
493 397
493 480
493 565
493 690
493 758
493 855
494 329
494 332
494 568
494 572
494 853
494 885
494 900
494 913
495 4
495 11
495 110
495 121
495 159
495 200
495 345
495 439
496 86
496 542
496 586
496 607
496 688
496 858
496 878
496 988
497 116
497 242
497 428
497 446
497 490
497 884
497 942
497 948
498 62
498 114
498 124
498 172
498 266
498 660
498 719
498 796
499 149
499 170
499 265
499 267
499 387
499 577
499 616
499 812
500 184
500 233
500 295
500 313
500 355
500 710
500 724
500 820
501 19
501 69
501 120
501 438
501 495
501 643
501 865
501 886
502 64
502 307
502 334
502 499
502 646
502 676
502 682
502 970
503 87
503 462
503 735
503 795
503 846
503 879
503 946
503 957
504 163
504 323
504 411
504 674
504 762
504 775
504 834
504 947
505 45
505 83
505 218
505 289
505 413
505 594
505 855
505 879
506 176
506 204
506 367
506 406
506 556
506 688
506 702
506 968
507 31
507 110
507 265
507 568
507 606
507 754
507 952
507 994
508 218
508 365
508 379
508 417
508 666
508 681
508 692
508 870
509 16
509 49
509 247
509 403
509 564
509 646
509 720
509 870
510 251
510 393
510 427
510 636
510 654
510 707
510 718
510 984
511 15
511 32
511 370
511 485
511 551
511 860
511 879
511 932
512 192
512 313
512 405
512 456
512 762
512 946
512 955
512 962
513 23
513 72
513 167
513 174
513 295
513 329
513 765
513 925
514 100
514 158
514 271
514 459
514 509
514 680
514 684
514 686
515 8
515 202
515 306
515 517
515 534
515 567
515 703
515 848
516 14
516 76
516 326
516 665
516 855
516 891
516 918
516 976
517 44
517 372
517 471
517 476
517 498
517 649
517 951
517 986
518 113
518 330
518 557
518 749
518 814
518 823
518 887
518 939
519 5
519 383
519 384
519 601
519 626
519 862
519 871
519 916
520 122
520 240
520 289
520 379
520 404
520 601
520 704
520 767
521 254
521 356
521 439
521 784
521 882
521 909
521 933
521 951
522 8
522 36
522 234
522 279
522 305
522 344
522 498
522 679
523 40
523 145
523 175
523 199
523 354
523 405
523 537
523 939
524 12
524 16
524 66
524 84
524 122
524 125
524 253
524 875
525 198
525 458
525 463
525 646
525 668
525 722
525 744
525 848
526 418
526 451
526 457
526 532
526 661
526 678
526 691
526 912
527 70
527 109
527 127
527 157
527 449
527 753
527 760
527 983
528 222
528 230
528 293
528 437
528 536
528 747
528 847
528 870
529 100
529 226
529 374
529 415
529 510
529 649
529 657
529 669
530 167
530 177
530 199
530 334
530 353
530 480
530 495
530 970
531 164
531 165
531 245
531 248
531 756
531 907
531 962
531 980
532 152
532 221
532 247
532 287
532 503
532 592
532 632
532 748
533 109
533 162
533 263
533 290
533 344
533 569
533 729
533 947
534 89
534 162
534 363
534 445
534 487
534 704
534 845
534 893
535 220
535 333
535 530
535 538
535 645
535 674
535 909
535 919
536 57
536 170
536 239
536 403
536 684
536 688
536 709
536 927
537 103
537 226
537 249
537 404
537 408
537 538
537 668
537 737
538 32
538 68
538 245
538 355
538 592
538 700
538 758
538 901
539 24
539 98
539 129
539 326
539 408
539 574
539 676
539 743
540 218
540 243
540 289
540 498
540 563
540 660
540 775
540 887
541 264
541 525
541 572
541 602
541 607
541 682
541 759
541 913
542 15
542 23
542 71
542 124
542 153
542 316
542 533
542 921
543 27
543 31
543 149
543 287
543 326
543 569
543 836
543 898
544 81
544 139
544 345
544 364
544 449
544 655
544 692
544 916
545 4
545 169
545 313
545 419
545 621
545 707
545 833
545 938
546 108
546 302
546 409
546 464
546 508
546 767
546 814
546 815
547 142
547 322
547 613
547 632
547 701
547 779
547 915
547 992
548 56
548 129
548 393
548 522
548 724
548 746
548 912
548 991
549 38
549 95
549 153
549 174
549 602
549 628
549 710
549 968
550 90
550 118
550 331
550 466
550 525
550 551
550 904
550 979
551 184
551 191
551 278
551 452
551 494
551 505
551 821
551 971
552 2
552 313
552 411
552 561
552 596
552 636
552 723
552 843
553 63
553 148
553 375
553 384
553 563
553 702
553 827
553 909
554 397
554 467
554 519
554 763
554 798
554 807
554 922
554 994
555 74
555 81
555 232
555 235
555 455
555 506
555 586
555 982
556 280
556 285
556 293
556 353
556 574
556 603
556 642
556 782
557 27
557 40
557 110
557 152
557 603
557 672
557 795
557 917
558 20
558 109
558 343
558 526
558 544
558 795
558 826
558 958
559 319
559 460
559 486
559 509
559 575
559 595
559 692
559 744
560 72
560 98
560 250
560 686
560 811
560 878
560 887
560 959
561 48
561 152
561 458
561 663
561 746
561 768
561 794
561 809
562 14
562 325
562 368
562 579
562 793
562 803
562 809
562 972
563 78
563 117
563 144
563 550
563 741
563 876
563 888
563 970
564 151
564 229
564 376
564 408
564 493
564 543
564 705
564 982
565 97
565 383
565 482
565 537
565 561
565 715
565 718
565 920
566 18
566 35
566 258
566 309
566 322
566 481
566 699
566 962
567 116
567 262
567 322
567 331
567 433
567 449
567 638
567 866
568 11
568 16
568 66
568 231
568 433
568 568
568 786
568 980
569 136
569 161
569 269
569 284
569 488
569 581
569 700
569 868
570 48
570 98
570 142
570 222
570 396
570 532
570 765
570 807
571 230
571 407
571 428
571 496
571 547
571 656
571 882
571 939
572 218
572 530
572 573
572 578
572 665
572 829
572 835
572 871
573 181
573 249
573 277
573 503
573 748
573 795
573 953
573 960
574 39
574 66
574 272
574 500
574 715
574 752
574 788
574 851
575 264
575 344
575 501
575 684
575 735
575 736
575 898
575 971
576 93
576 131
576 132
576 487
576 581
576 736
576 827
576 897
577 89
577 164
577 518
577 539
577 853
577 923
577 962
577 974
578 155
578 171
578 265
578 411
578 542
578 558
578 680
578 958
579 312
579 376
579 461
579 515
579 740
579 837
579 920
579 974
580 210
580 375
580 525
580 631
580 707
580 774
580 842
580 844
581 154
581 227
581 286
581 433
581 617
581 642
581 684
581 802
582 23
582 61
582 157
582 280
582 401
582 501
582 696
582 704
583 100
583 343
583 416
583 580
583 661
583 734
583 801
583 859
584 187
584 249
584 255
584 561
584 696
584 795
584 802
584 998
585 28
585 59
585 216
585 242
585 270
585 459
585 499
585 545
586 2
586 52
586 108
586 431
586 459
586 527
586 705
586 968
587 11
587 19
587 126
587 152
587 195
587 285
587 534
587 775
588 41
588 181
588 384
588 400
588 437
588 575
588 726
588 980
589 204
589 262
589 285
589 313
589 336
589 572
589 587
589 992
590 37
590 232
590 269
590 430
590 506
590 519
590 566
590 915
591 60
591 227
591 378
591 393
591 436
591 594
591 622
591 762
592 56
592 60
592 90
592 260
592 551
592 755
592 855
592 925
593 39
593 136
593 151
593 325
593 719
593 810
593 860
593 987
594 69
594 121
594 250
594 599
594 664
594 682
594 691
594 929
595 4
595 54
595 94
595 153
595 159
595 292
595 478
595 723
596 2
596 89
596 321
596 343
596 408
596 853
596 927
596 951
597 127
597 151
597 484
597 628
597 683
597 909
597 924
597 1000
598 46
598 49
598 199
598 330
598 388
598 477
598 602
598 649
599 131
599 212
599 254
599 443
599 479
599 574
599 747
599 979
600 130
600 234
600 327
600 413
600 416
600 531
600 558
600 709
601 95
601 170
601 405
601 524
601 695
601 705
601 754
601 991
602 86
602 303
602 412
602 440
602 536
602 591
602 740
602 896
603 128
603 145
603 312
603 365
603 464
603 501
603 596
603 631
604 223
604 298
604 342
604 448
604 565
604 596
604 673
604 967
605 7
605 57
605 104
605 181
605 481
605 537
605 898
605 916
606 184
606 316
606 373
606 593
606 796
606 864
606 904
606 990
607 35
607 69
607 89
607 724
607 737
607 816
607 904
607 926
608 247
608 327
608 447
608 577
608 746
608 748
608 819
608 885
609 69
609 116
609 263
609 273
609 363
609 396
609 481
609 657
610 49
610 226
610 310
610 338
610 687
610 724
610 892
610 977
611 33
611 210
611 228
611 251
611 322
611 640
611 663
611 818
612 198
612 211
612 374
612 424
612 482
612 545
612 554
612 972
613 123
613 239
613 381
613 416
613 512
613 580
613 819
613 835
614 140
614 275
614 424
614 619
614 631
614 674
614 777
614 977
615 358
615 463
615 477
615 534
615 575
615 581
615 963
615 986
616 135
616 366
616 413
616 545
616 606
616 623
616 624
616 917
617 67
617 80
617 98
617 158
617 353
617 690
617 818
617 851
618 30
618 288
618 397
618 420
618 475
618 551
618 555
618 568
619 31
619 199
619 372
619 380
619 571
619 661
619 823
619 865
620 18
620 211
620 512
620 539
620 632
620 656
620 896
620 905
621 7
621 201
621 293
621 314
621 407
621 535
621 643
621 930
622 68
622 106
622 206
622 245
622 254
622 518
622 906
622 931
623 15
623 171
623 189
623 212
623 252
623 400
623 862
623 864
624 53
624 247
624 395
624 435
624 519
624 582
624 592
624 822
625 216
625 334
625 515
625 643
625 692
625 838
625 878
625 952
626 17
626 50
626 147
626 153
626 300
626 377
626 962
626 997
627 56
627 67
627 140
627 472
627 521
627 534
627 710
627 916
628 13
628 86
628 148
628 180
628 272
628 319
628 453
628 782
629 112
629 229
629 248
629 251
629 845
629 848
629 854
629 929
630 111
630 203
630 249
630 293
630 330
630 559
630 821
630 994
631 30
631 106
631 134
631 289
631 291
631 544
631 550
631 814
632 168
632 440
632 485
632 541
632 700
632 733
632 850
632 919
633 197
633 280
633 378
633 435
633 566
633 578
633 683
633 806
634 78
634 83
634 96
634 210
634 378
634 910
634 929
634 965
635 36
635 139
635 177
635 377
635 496
635 531
635 668
635 911
636 66
636 82
636 291
636 468
636 487
636 592
636 748
636 942
637 57
637 294
637 356
637 361
637 458
637 651
637 739
637 806
638 22
638 88
638 177
638 270
638 305
638 340
638 434
638 652
639 120
639 127
639 136
639 182
639 381
639 744
639 784
639 881
640 121
640 385
640 402
640 511
640 514
640 571
640 582
640 884
641 77
641 387
641 498
641 588
641 652
641 693
641 944
641 968
642 525
642 559
642 617
642 649
642 681
642 835
642 894
642 974
643 9
643 77
643 126
643 260
643 277
643 782
643 809
643 998
644 156
644 341
644 347
644 358
644 479
644 501
644 570
644 597
645 16
645 24
645 283
645 297
645 457
645 597
645 624
645 963
646 10
646 38
646 285
646 497
646 557
646 758
646 765
646 954
647 62
647 238
647 323
647 536
647 544
647 693
647 875
647 985
648 32
648 67
648 195
648 376
648 443
648 478
648 504
648 905
649 49
649 360
649 503
649 528
649 581
649 931
649 933
649 954
650 21
650 85
650 107
650 239
650 431
650 676
650 790
650 950
651 84
651 106
651 407
651 516
651 609
651 726
651 836
651 897
652 160
652 365
652 446
652 504
652 544
652 578
652 595
652 748
653 129
653 221
653 300
653 343
653 349
653 609
653 782
653 933
654 201
654 323
654 532
654 550
654 710
654 744
654 760
654 808
655 55
655 170
655 346
655 444
655 563
655 589
655 912
655 928
656 166
656 205
656 362
656 722
656 826
656 838
656 873
656 969
657 119
657 246
657 264
657 280
657 580
657 797
657 816
657 946
658 13
658 77
658 362
658 489
658 539
658 762
658 830
658 914
659 95
659 201
659 322
659 420
659 641
659 802
659 919
659 954
660 80
660 251
660 558
660 619
660 687
660 715
660 882
660 888
661 19
661 455
661 514
661 584
661 688
661 715
661 744
661 929
662 35
662 227
662 312
662 466
662 492
662 654
662 670
662 775
663 21
663 169
663 271
663 285
663 393
663 459
663 463
663 549
664 63
664 168
664 197
664 253
664 348
664 730
664 799
664 963
665 12
665 60
665 225
665 282
665 301
665 352
665 463
665 888
666 131
666 234
666 253
666 375
666 618
666 629
666 709
666 863
667 34
667 193
667 212
667 263
667 474
667 686
667 745
667 910
668 64
668 320
668 341
668 589
668 650
668 822
668 841
668 919
669 131
669 377
669 645
669 783
669 833
669 900
669 938
669 996
670 4
670 172
670 392
670 465
670 552
670 607
670 680
670 837
671 253
671 295
671 506
671 715
671 719
671 792
671 797
671 962
672 164
672 308
672 385
672 531
672 594
672 636
672 758
672 881
673 9
673 335
673 392
673 423
673 448
673 510
673 884
673 920
674 55
674 94
674 240
674 505
674 573
674 653
674 797
674 940
675 71
675 94
675 249
675 524
675 545
675 582
675 635
675 921
676 32
676 97
676 149
676 401
676 484
676 506
676 613
676 793
677 17
677 226
677 399
677 555
677 577
677 684
677 696
677 715
678 78
678 173
678 176
678 325
678 400
678 908
678 985
678 989
679 14
679 70
679 271
679 342
679 642
679 872
679 924
679 965
680 41
680 398
680 471
680 513
680 687
680 691
680 774
680 922
681 41
681 324
681 344
681 417
681 614
681 644
681 699
681 857
682 231
682 318
682 326
682 419
682 500
682 691
682 732
682 985
683 2
683 127
683 480
683 585
683 784
683 834
683 941
683 952
684 339
684 439
684 524
684 535
684 683
684 799
684 815
684 849
685 25
685 142
685 293
685 566
685 695
685 785
685 842
685 953
686 136
686 328
686 465
686 568
686 742
686 753
686 868
686 942
687 271
687 307
687 328
687 486
687 487
687 503
687 822
687 969
688 48
688 86
688 208
688 532
688 617
688 733
688 879
688 968
689 79
689 124
689 301
689 422
689 680
689 767
689 887
689 922
690 171
690 265
690 461
690 544
690 848
690 956
690 987
690 995
691 76
691 184
691 425
691 513
691 580
691 597
691 834
691 992
692 10
692 192
692 298
692 347
692 427
692 543
692 594
692 862
693 70
693 147
693 275
693 397
693 487
693 528
693 796
693 943
694 432
694 481
694 488
694 498
694 537
694 567
694 820
694 979
695 159
695 293
695 547
695 632
695 724
695 732
695 857
695 966
696 100
696 183
696 407
696 457
696 490
696 495
696 886
696 930
697 42
697 46
697 188
697 274
697 343
697 478
697 870
697 898
698 158
698 308
698 504
698 520
698 539
698 719
698 788
698 920
699 36
699 290
699 424
699 553
699 670
699 727
699 848
699 965
700 9
700 142
700 285
700 337
700 453
700 514
700 740
700 783
701 14
701 107
701 292
701 400
701 436
701 589
701 781
701 823
702 11
702 19
702 81
702 83
702 224
702 593
702 665
702 733
703 17
703 255
703 342
703 547
703 756
703 892
703 966
703 984
704 71
704 307
704 309
704 445
704 587
704 808
704 879
704 900
705 22
705 90
705 314
705 482
705 556
705 725
705 727
705 897
706 91
706 228
706 402
706 623
706 697
706 699
706 744
706 872
707 138
707 301
707 799
707 802
707 810
707 926
707 982
707 1000
708 22
708 314
708 337
708 575
708 584
708 808
708 878
708 979
709 32
709 137
709 214
709 307
709 497
709 539
709 543
709 595
710 101
710 270
710 284
710 406
710 615
710 679
710 869
710 925
711 211
711 234
711 272
711 344
711 459
711 708
711 810
711 867
712 13
712 42
712 43
712 207
712 513
712 668
712 881
712 883
713 508
713 572
713 580
713 661
713 710
713 759
713 871
713 904
714 45
714 371
714 563
714 582
714 621
714 703
714 855
714 961
715 2
715 230
715 274
715 484
715 667
715 731
715 771
715 871
716 89
716 124
716 141
716 313
716 319
716 325
716 624
716 982
717 82
717 354
717 433
717 579
717 689
717 708
717 915
717 989
718 73
718 170
718 357
718 434
718 647
718 715
718 846
718 1000
719 178
719 222
719 360
719 398
719 565
719 576
719 594
719 826
720 23
720 130
720 143
720 254
720 304
720 370
720 750
720 872
721 420
721 447
721 523
721 676
721 800
721 837
721 864
721 891
722 157
722 179
722 267
722 663
722 755
722 819
722 859
722 970
723 90
723 286
723 558
723 654
723 758
723 812
723 866
723 921
724 265
724 379
724 434
724 435
724 538
724 794
724 811
724 848
725 20
725 99
725 115
725 141
725 398
725 471
725 670
725 993
726 52
726 266
726 383
726 424
726 594
726 653
726 834
726 988
727 128
727 135
727 264
727 324
727 431
727 464
727 691
727 796
728 32
728 152
728 588
728 645
728 646
728 806
728 889
728 915
729 73
729 388
729 413
729 524
729 826
729 869
729 900
729 910
730 36
730 183
730 353
730 517
730 522
730 595
730 663
730 901
731 159
731 207
731 383
731 446
731 539
731 687
731 703
731 834
732 82
732 157
732 196
732 318
732 329
732 411
732 469
732 736
733 95
733 136
733 203
733 574
733 665
733 901
733 913
733 986
734 171
734 265
734 291
734 505
734 634
734 849
734 886
734 902
735 99
735 362
735 397
735 506
735 520
735 621
735 658
735 863
736 156
736 360
736 362
736 376
736 538
736 605
736 639
736 826
737 47
737 294
737 681
737 690
737 701
737 890
737 925
737 989
738 113
738 228
738 252
738 448
738 475
738 559
738 578
738 855
739 446
739 601
739 702
739 808
739 848
739 892
739 916
739 999
740 249
740 357
740 423
740 429
740 784
740 849
740 904
740 907
741 336
741 441
741 447
741 498
741 590
741 608
741 654
741 748
742 178
742 439
742 476
742 838
742 858
742 896
742 922
742 929
743 103
743 121
743 155
743 311
743 434
743 542
743 827
743 934
744 106
744 116
744 172
744 177
744 379
744 717
744 837
744 920
745 160
745 477
745 583
745 702
745 719
745 906
745 943
745 996
746 34
746 78
746 98
746 116
746 751
746 767
746 780
746 785
747 13
747 126
747 149
747 182
747 348
747 364
747 394
747 618
748 88
748 312
748 319
748 341
748 412
748 556
748 790
748 995
749 54
749 156
749 333
749 595
749 633
749 720
749 829
749 922
750 78
750 202
750 212
750 356
750 562
750 764
750 980
750 986
751 2
751 155
751 297
751 392
751 397
751 414
751 630
751 819
752 150
752 202
752 403
752 419
752 766
752 858
752 863
752 944
753 7
753 47
753 63
753 197
753 368
753 496
753 578
753 579
754 33
754 79
754 372
754 407
754 487
754 660
754 899
754 901
755 6
755 323
755 540
755 793
755 800
755 858
755 936
755 962
756 129
756 141
756 407
756 516
756 562
756 573
756 816
756 873
757 189
757 292
757 366
757 645
757 717
757 786
757 871
757 962
758 160
758 191
758 328
758 456
758 651
758 667
758 867
758 923
759 242
759 352
759 367
759 480
759 654
759 671
759 767
759 783
760 5
760 164
760 284
760 313
760 623
760 707
760 756
760 784
761 23
761 67
761 266
761 367
761 653
761 722
761 762
761 885
762 49
762 203
762 265
762 277
762 718
762 792
762 844
762 870
763 288
763 401
763 619
763 661
763 755
763 763
763 856
763 875
764 101
764 128
764 147
764 155
764 543
764 656
764 783
764 795
765 77
765 124
765 216
765 389
765 397
765 427
765 624
765 873
766 63
766 197
766 288
766 315
766 436
766 458
766 634
766 759
767 187
767 276
767 290
767 391
767 428
767 612
767 834
767 971
768 220
768 295
768 356
768 359
768 424
768 619
768 743
768 747
769 39
769 118
769 307
769 450
769 495
769 577
769 578
769 948
770 124
770 190
770 285
770 336
770 446
770 454
770 644
770 677
771 170
771 277
771 336
771 455
771 645
771 875
771 906
771 954
772 61
772 481
772 537
772 825
772 923
772 965
772 983
772 984
773 12
773 49
773 62
773 160
773 445
773 488
773 623
773 649
774 78
774 235
774 270
774 284
774 300
774 407
774 647
774 895
775 246
775 257
775 407
775 470
775 496
775 506
775 842
775 894
776 9
776 56
776 346
776 511
776 573
776 602
776 736
776 751
777 166
777 212
777 232
777 347
777 456
777 542
777 737
777 930
778 65
778 140
778 445
778 649
778 750
778 785
778 799
778 857
779 190
779 395
779 510
779 585
779 587
779 638
779 685
779 993
780 194
780 260
780 444
780 572
780 803
780 805
780 864
780 883
781 52
781 192
781 219
781 510
781 532
781 716
781 735
781 836
782 73
782 199
782 308
782 711
782 769
782 862
782 914
782 952
783 112
783 213
783 252
783 305
783 501
783 615
783 679
783 898
784 267
784 316
784 338
784 363
784 561
784 616
784 658
784 809
785 11
785 159
785 224
785 447
785 585
785 676
785 725
785 796
786 148
786 155
786 239
786 444
786 606
786 642
786 889
786 1000
787 82
787 108
787 219
787 297
787 316
787 436
787 511
787 935
788 34
788 53
788 67
788 197
788 398
788 443
788 954
788 982
789 424
789 492
789 505
789 645
789 681
789 706
789 859
789 970
790 56
790 183
790 318
790 650
790 695
790 798
790 881
790 943
791 64
791 95
791 231
791 305
791 387
791 421
791 446
791 969
792 42
792 51
792 260
792 307
792 558
792 566
792 837
792 932
793 2
793 59
793 277
793 313
793 658
793 754
793 763
793 846
794 31
794 401
794 423
794 523
794 651
794 746
794 811
794 926
795 55
795 404
795 504
795 796
795 825
795 921
795 927
795 935
796 176
796 227
796 244
796 249
796 255
796 554
796 572
796 756
797 196
797 234
797 245
797 291
797 718
797 840
797 865
797 994
798 91
798 329
798 423
798 595
798 759
798 775
798 864
798 993
799 31
799 183
799 409
799 413
799 468
799 576
799 716
799 909
800 143
800 343
800 434
800 576
800 605
800 624
800 675
800 797
801 186
801 206
801 387
801 412
801 621
801 677
801 702
801 730
802 129
802 181
802 266
802 403
802 653
802 762
802 904
802 950
803 109
803 124
803 241
803 587
803 667
803 736
803 782
803 986
804 228
804 257
804 385
804 674
804 758
804 763
804 877
804 962
805 122
805 353
805 497
805 517
805 531
805 635
805 827
805 870
806 1
806 59
806 161
806 244
806 629
806 896
806 912
806 935
807 85
807 179
807 285
807 299
807 492
807 676
807 826
807 851
808 31
808 143
808 222
808 226
808 241
808 293
808 711
808 888
809 141
809 202
809 204
809 299
809 332
809 391
809 475
809 832
810 117
810 141
810 370
810 529
810 574
810 879
810 948
810 990
811 63
811 229
811 512
811 687
811 808
811 953
811 973
811 1000
812 20
812 328
812 673
812 688
812 742
812 769
812 777
812 996
813 167
813 191
813 434
813 675
813 677
813 760
813 800
813 824
814 159
814 258
814 375
814 428
814 459
814 577
814 707
814 956
815 28
815 33
815 108
815 197
815 707
815 804
815 814
815 953
816 85
816 175
816 302
816 322
816 341
816 662
816 833
816 984
817 570
817 649
817 666
817 675
817 694
817 917
817 977
817 992
818 85
818 171
818 357
818 393
818 743
818 900
818 950
818 977
819 5
819 235
819 377
819 382
819 400
819 433
819 800
819 992
820 125
820 140
820 210
820 418
820 462
820 554
820 793
820 941
821 50
821 63
821 213
821 318
821 409
821 490
821 863
821 949
822 122
822 237
822 293
822 458
822 598
822 802
822 867
822 1000
823 69
823 73
823 136
823 419
823 445
823 717
823 727
823 946
824 169
824 214
824 235
824 493
824 832
824 892
824 945
824 973
825 173
825 296
825 407
825 444
825 573
825 719
825 828
825 851
826 21
826 68
826 78
826 129
826 188
826 499
826 700
826 705
827 113
827 168
827 487
827 580
827 709
827 754
827 828
827 885
828 32
828 52
828 174
828 493
828 545
828 641
828 705
828 986
829 144
829 195
829 293
829 298
829 330
829 482
829 582
829 634
830 252
830 564
830 578
830 631
830 665
830 737
830 948
830 949
831 23
831 227
831 258
831 370
831 423
831 657
831 681
831 687
832 185
832 239
832 251
832 579
832 625
832 789
832 828
832 962
833 140
833 231
833 270
833 279
833 740
833 871
833 873
833 887
834 257
834 379
834 422
834 497
834 501
834 971
834 975
834 983
835 107
835 190
835 503
835 507
835 531
835 600
835 819
835 967
836 55
836 150
836 222
836 232
836 270
836 347
836 693
836 725
837 47
837 258
837 309
837 378
837 895
837 915
837 938
837 975
838 185
838 192
838 385
838 541
838 601
838 723
838 827
838 917
839 22
839 71
839 77
839 133
839 264
839 474
839 500
839 869
840 110
840 236
840 241
840 253
840 256
840 714
840 858
840 938
841 251
841 377
841 502
841 522
841 545
841 703
841 822
841 859
842 169
842 247
842 258
842 549
842 677
842 740
842 746
842 906
843 114
843 123
843 271
843 364
843 457
843 594
843 640
843 647
844 128
844 184
844 422
844 512
844 625
844 868
844 884
844 971
845 119
845 191
845 243
845 311
845 324
845 462
845 526
845 862
846 18
846 33
846 222
846 234
846 448
846 501
846 609
846 834
847 53
847 245
847 492
847 572
847 636
847 647
847 731
847 914
848 35
848 61
848 436
848 455
848 806
848 834
848 868
848 968
849 41
849 97
849 195
849 385
849 706
849 761
849 813
849 901
850 29
850 69
850 378
850 584
850 645
850 768
850 783
850 842
851 59
851 155
851 375
851 386
851 619
851 651
851 737
851 820
852 49
852 146
852 369
852 401
852 433
852 610
852 726
852 886
853 449
853 652
853 701
853 777
853 858
853 865
853 896
853 993
854 23
854 275
854 295
854 517
854 684
854 747
854 802
854 966
855 26
855 278
855 380
855 492
855 544
855 546
855 853
855 948
856 390
856 460
856 638
856 728
856 802
856 916
856 980
856 982
857 14
857 259
857 270
857 545
857 627
857 753
857 777
857 943
858 20
858 150
858 160
858 185
858 257
858 422
858 632
858 733
859 12
859 280
859 685
859 779
859 781
859 855
859 901
859 910
860 24
860 193
860 410
860 504
860 650
860 756
860 860
860 893
861 85
861 167
861 281
861 434
861 539
861 595
861 844
861 878
862 38
862 67
862 393
862 518
862 594
862 695
862 825
862 845
863 315
863 428
863 541
863 593
863 655
863 743
863 862
863 883
864 160
864 379
864 403
864 451
864 456
864 475
864 615
864 850
865 70
865 208
865 438
865 488
865 539
865 687
865 820
865 905
866 82
866 124
866 283
866 479
866 609
866 667
866 874
866 993
867 470
867 594
867 682
867 687
867 862
867 869
867 926
867 956
868 88
868 117
868 127
868 262
868 324
868 655
868 684
868 939
869 61
869 181
869 249
869 363
869 458
869 652
869 674
869 852
870 168
870 189
870 358
870 427
870 514
870 589
870 666
870 862
871 183
871 272
871 405
871 472
871 534
871 553
871 618
871 970
872 130
872 280
872 314
872 421
872 435
872 520
872 683
872 790
873 39
873 71
873 263
873 396
873 469
873 497
873 659
873 683
874 76
874 229
874 450
874 454
874 487
874 572
874 580
874 644
875 175
875 228
875 393
875 569
875 716
875 977
875 980
875 982
876 204
876 234
876 286
876 315
876 368
876 384
876 603
876 694
877 54
877 182
877 199
877 313
877 473
877 514
877 561
877 803
878 71
878 143
878 227
878 260
878 372
878 405
878 657
878 779
879 136
879 303
879 359
879 773
879 816
879 821
879 837
879 987
880 22
880 114
880 206
880 266
880 494
880 558
880 922
880 997
881 116
881 259
881 415
881 463
881 558
881 729
881 858
881 938
882 260
882 283
882 365
882 617
882 699
882 742
882 930
882 972
883 130
883 274
883 364
883 398
883 424
883 644
883 742
883 837
884 10
884 108
884 342
884 348
884 551
884 718
884 796
884 828
885 55
885 284
885 420
885 488
885 713
885 823
885 836
885 972
886 79
886 314
886 419
886 480
886 484
886 568
886 775
886 794
887 140
887 202
887 333
887 458
887 553
887 660
887 765
887 873
888 297
888 469
888 640
888 648
888 745
888 864
888 932
888 979
889 17
889 72
889 134
889 413
889 513
889 517
889 584
889 986
890 77
890 80
890 467
890 612
890 788
890 964
890 984
890 987
891 27
891 180
891 348
891 394
891 492
891 610
891 737
891 971
892 97
892 168
892 231
892 356
892 541
892 627
892 739
892 979
893 239
893 420
893 486
893 508
893 522
893 707
893 910
893 992
894 139
894 149
894 194
894 441
894 631
894 799
894 839
894 911
895 113
895 241
895 478
895 481
895 727
895 766
895 954
895 982
896 59
896 62
896 183
896 230
896 397
896 672
896 986
896 992
897 64
897 383
897 502
897 565
897 617
897 711
897 748
897 871
898 74
898 274
898 324
898 326
898 558
898 601
898 872
898 912
899 86
899 157
899 370
899 415
899 596
899 628
899 831
899 902
900 30
900 184
900 582
900 741
900 813
900 815
900 845
900 935
901 285
901 293
901 413
901 418
901 496
901 524
901 799
901 946
902 18
902 113
902 298
902 363
902 389
902 499
902 712
902 809
903 30
903 45
903 81
903 150
903 441
903 585
903 642
903 875
904 39
904 56
904 317
904 329
904 362
904 499
904 721
904 828
905 221
905 315
905 316
905 458
905 523
905 640
905 798
905 814
906 120
906 128
906 190
906 313
906 582
906 703
906 733
906 965
907 67
907 113
907 247
907 432
907 579
907 683
907 883
907 905
908 45
908 121
908 323
908 513
908 720
908 761
908 911
908 914
909 73
909 94
909 146
909 227
909 244
909 307
909 817
909 882
910 33
910 231
910 408
910 550
910 634
910 679
910 736
910 854
911 36
911 286
911 404
911 424
911 668
911 831
911 906
911 912
912 126
912 284
912 548
912 636
912 710
912 764
912 889
912 899
913 56
913 155
913 422
913 519
913 573
913 622
913 740
913 744
914 28
914 283
914 336
914 415
914 813
914 836
914 845
914 985
915 159
915 163
915 236
915 346
915 376
915 573
915 777
915 945
916 7
916 31
916 113
916 165
916 402
916 524
916 595
916 669
917 82
917 300
917 383
917 425
917 519
917 587
917 725
917 729
918 287
918 319
918 564
918 572
918 660
918 715
918 744
918 792
919 64
919 110
919 141
919 156
919 172
919 378
919 724
919 727
920 8
920 23
920 183
920 279
920 301
920 389
920 456
920 516
921 15
921 63
921 124
921 263
921 347
921 787
921 915
921 991
922 113
922 255
922 402
922 613
922 651
922 681
922 770
922 868
923 30
923 228
923 251
923 276
923 279
923 330
923 778
923 904
924 29
924 156
924 193
924 278
924 333
924 472
924 492
924 669
925 108
925 409
925 415
925 455
925 517
925 748
925 779
925 828
926 40
926 44
926 97
926 419
926 473
926 593
926 595
926 976
927 16
927 118
927 272
927 359
927 760
927 840
927 885
927 992
928 148
928 395
928 467
928 634
928 949
928 957
928 966
928 978
929 131
929 264
929 627
929 643
929 696
929 757
929 769
929 840
930 50
930 172
930 216
930 268
930 315
930 409
930 631
930 650
931 89
931 112
931 180
931 225
931 309
931 355
931 555
931 995
932 19
932 124
932 200
932 404
932 413
932 565
932 801
932 843
933 244
933 470
933 520
933 666
933 678
933 774
933 932
933 939
934 259
934 300
934 418
934 663
934 766
934 809
934 849
934 976
935 88
935 328
935 412
935 437
935 461
935 835
935 945
935 979
936 6
936 92
936 223
936 382
936 402
936 465
936 594
936 665
937 73
937 347
937 432
937 497
937 504
937 736
937 888
937 974
938 117
938 185
938 346
938 574
938 699
938 709
938 784
938 897
939 40
939 138
939 369
939 497
939 534
939 654
939 822
939 894
940 11
940 199
940 358
940 381
940 386
940 591
940 655
940 679
941 133
941 196
941 323
941 328
941 517
941 519
941 779
941 831
942 37
942 54
942 166
942 255
942 449
942 484
942 617
942 912
943 44
943 54
943 72
943 149
943 224
943 237
943 594
943 920
944 84
944 420
944 477
944 571
944 679
944 803
944 837
944 887
945 48
945 296
945 309
945 366
945 414
945 719
945 985
945 994
946 31
946 169
946 181
946 218
946 244
946 585
946 751
946 840
947 104
947 187
947 558
947 646
947 669
947 746
947 843
947 855
948 202
948 292
948 339
948 450
948 683
948 744
948 890
948 932
949 152
949 171
949 186
949 216
949 265
949 368
949 679
949 885
950 41
950 53
950 98
950 513
950 555
950 654
950 757
950 760
951 221
951 233
951 250
951 324
951 325
951 750
951 910
951 976
952 39
952 96
952 223
952 350
952 380
952 437
952 514
952 584
953 213
953 387
953 680
953 770
953 897
953 931
953 969
953 975
954 84
954 435
954 451
954 471
954 548
954 612
954 813
954 989
955 97
955 325
955 340
955 522
955 745
955 762
955 771
955 982
956 284
956 314
956 319
956 427
956 529
956 780
956 888
956 934
957 75
957 78
957 320
957 422
957 682
957 882
957 900
957 924
958 31
958 151
958 198
958 395
958 474
958 745
958 825
958 851
959 7
959 62
959 253
959 695
959 805
959 835
959 857
959 918
960 174
960 273
960 278
960 302
960 309
960 326
960 582
960 810
961 32
961 59
961 60
961 162
961 408
961 501
961 782
961 949
962 162
962 200
962 225
962 285
962 295
962 305
962 306
962 496
963 65
963 200
963 243
963 392
963 442
963 711
963 717
963 904
964 79
964 85
964 243
964 261
964 517
964 599
964 604
964 945
965 32
965 424
965 476
965 504
965 622
965 804
965 907
965 985
966 446
966 450
966 486
966 513
966 694
966 822
966 924
966 966
967 12
967 69
967 223
967 299
967 560
967 639
967 720
967 882
968 100
968 436
968 439
968 499
968 558
968 638
968 656
968 831
969 125
969 356
969 465
969 565
969 608
969 756
969 818
969 823
970 35
970 60
970 96
970 136
970 312
970 321
970 774
970 985
971 175
971 278
971 453
971 604
971 683
971 800
971 905
971 934
972 78
972 410
972 438
972 468
972 485
972 524
972 716
972 911
973 26
973 77
973 156
973 163
973 249
973 641
973 662
973 887
974 7
974 22
974 32
974 206
974 449
974 536
974 795
974 982
975 211
975 354
975 433
975 517
975 545
975 630
975 976
975 988
976 27
976 140
976 325
976 408
976 470
976 585
976 875
976 879
977 260
977 267
977 323
977 384
977 536
977 821
977 861
977 957
978 21
978 373
978 436
978 543
978 743
978 953
978 982
978 986
979 51
979 523
979 611
979 614
979 646
979 653
979 714
979 776
980 231
980 329
980 366
980 446
980 545
980 624
980 625
980 935
981 52
981 65
981 137
981 266
981 276
981 294
981 581
981 826
982 97
982 413
982 547
982 823
982 962
982 977
982 979
982 992
983 211
983 345
983 471
983 587
983 621
983 622
983 643
983 849
984 215
984 230
984 254
984 362
984 499
984 570
984 761
984 908
985 115
985 226
985 408
985 627
985 656
985 750
985 791
985 894
986 163
986 352
986 503
986 690
986 813
986 911
986 923
986 974
987 40
987 77
987 90
987 277
987 525
987 586
987 805
987 817
988 35
988 159
988 183
988 262
988 411
988 801
988 893
988 962
989 12
989 401
989 406
989 449
989 677
989 687
989 932
989 948
990 116
990 273
990 306
990 316
990 459
990 658
990 964
990 990
991 52
991 120
991 159
991 280
991 476
991 623
991 971
991 985
992 126
992 638
992 678
992 684
992 728
992 736
992 777
992 980
993 142
993 148
993 196
993 219
993 384
993 388
993 615
993 786
994 66
994 356
994 381
994 858
994 866
994 895
994 923
994 973
995 61
995 132
995 136
995 447
995 541
995 587
995 951
995 997
996 4
996 148
996 381
996 622
996 803
996 860
996 906
996 920
997 125
997 223
997 324
997 389
997 536
997 669
997 793
997 954
998 15
998 85
998 113
998 368
998 604
998 646
998 709
998 726
999 277
999 289
999 327
999 369
999 400
999 606
999 813
999 869
1000 128
1000 183
1000 263
1000 304
1000 616
1000 801
1000 912
1000 953
