# The woods are lovely, dark and deep
# But I have promises to keep
# Size: 1000 And miles to go before I sleep
# And miles to go before I sleep
1 368
1 527
2 629
2 857
3 746
3 882
4 91
4 662
5 705
5 812
6 61
6 393
7 13
7 115
8 180
8 833
9 654
9 698
10 775
10 782
11 309
11 564
12 294
12 420
13 47
13 391
14 414
14 719
15 37
15 974
16 466
16 687
17 27
17 647
18 313
18 724
19 45
19 203
20 645
20 847
21 136
21 780
22 278
22 837
23 434
23 898
24 65
24 250
25 97
25 266
26 516
26 804
27 801
27 843
28 404
28 510
29 590
29 708
30 90
30 535
31 840
31 844
32 19
32 919
33 89
33 154
34 142
34 789
35 352
35 941
36 106
36 377
37 33
37 142
38 812
38 996
39 319
39 488
40 784
40 831
41 539
41 607
42 394
42 861
43 247
43 359
44 847
44 862
45 58
45 172
46 245
46 784
47 382
47 782
48 585
48 627
49 279
49 836
50 134
50 989
51 281
51 920
52 464
52 951
53 480
53 723
54 114
54 684
55 106
55 246
56 326
56 580
57 411
57 729
58 179
58 809
59 393
59 753
60 780
60 883
61 843
61 924
62 22
62 940
63 263
63 517
64 381
64 689
65 586
65 635
66 104
66 299
67 71
67 677
68 225
68 419
69 196
69 303
70 742
70 838
71 732
71 743
72 70
72 768
73 322
73 370
74 370
74 691
75 241
75 584
76 797
76 933
77 96
77 252
78 2
78 911
79 9
79 136
80 157
80 536
81 80
81 585
82 276
82 543
83 699
83 867
84 540
84 593
85 22
85 169
86 77
86 96
87 541
87 727
88 441
88 601
89 96
89 499
90 494
90 997
91 82
91 416
92 325
92 357
93 158
93 795
94 132
94 659
95 693
95 983
96 236
96 941
97 463
97 484
98 107
98 544
99 98
99 830
100 263
100 339
101 240
101 664
102 291
102 569
103 70
103 943
104 607
104 665
105 633
105 788
106 16
106 890
107 468
107 640
108 717
108 933
109 46
109 932
110 470
110 825
111 70
111 296
112 638
112 764
113 316
113 918
114 119
114 131
115 341
115 829
116 123
116 840
117 187
117 815
118 390
118 994
119 420
119 473
120 676
120 763
121 612
121 939
122 396
122 669
123 622
123 762
124 125
124 622
125 82
125 920
126 165
126 237
127 420
127 894
128 661
128 938
129 650
129 751
130 526
130 727
131 62
131 512
132 137
132 796
133 168
133 585
134 942
134 961
135 108
135 236
136 198
136 971
137 215
137 313
138 145
138 442
139 713
139 990
140 290
140 319
141 26
141 251
142 902
142 933
143 577
143 780
144 394
144 652
145 160
145 528
146 420
146 974
147 85
147 847
148 334
148 782
149 212
149 734
150 347
150 940
151 258
151 518
152 763
152 837
153 377
153 923
154 748
154 762
155 443
155 734
156 261
156 427
157 479
157 856
158 282
158 667
159 47
159 852
160 228
160 873
161 281
161 780
162 124
162 499
163 384
163 865
164 28
164 974
165 365
165 827
166 16
166 953
167 402
167 856
168 155
168 283
169 115
169 241
170 430
170 756
171 609
171 615
172 57
172 643
173 319
173 435
174 136
174 867
175 208
175 353
176 258
176 850
177 268
177 536
178 436
178 784
179 590
179 680
180 375
180 772
181 302
181 677
182 172
182 509
183 336
183 746
184 367
184 665
185 75
185 479
186 1
186 240
187 2
187 702
188 292
188 797
189 247
189 393
190 190
190 493
191 198
191 307
192 626
192 649
193 255
193 853
194 111
194 445
195 834
195 910
196 122
196 611
197 208
197 944
198 875
198 974
199 95
199 535
200 328
200 414
201 245
201 729
202 403
202 861
203 302
203 671
204 18
204 744
205 53
205 887
206 422
206 639
207 145
207 339
208 184
208 349
209 221
209 876
210 102
210 147
211 291
211 412
212 60
212 462
213 279
213 742
214 540
214 663
215 179
215 891
216 330
216 939
217 328
217 992
218 493
218 805
219 390
219 650
220 28
220 163
221 276
221 817
222 172
222 270
223 648
223 770
224 138
224 220
225 708
225 791
226 464
226 980
227 531
227 645
228 336
228 670
229 41
229 254
230 530
230 744
231 125
231 354
232 353
232 461
233 405
233 467
234 217
234 773
235 102
235 779
236 294
236 337
237 145
237 620
238 399
238 415
239 574
239 803
240 36
240 504
241 753
241 832
242 353
242 695
243 347
243 486
244 624
244 806
245 335
245 916
246 763
246 935
247 118
247 201
248 183
248 765
249 538
249 869
250 453
250 853
251 241
251 890
252 70
252 840
253 552
253 570
254 634
254 660
255 57
255 431
256 245
256 357
257 524
257 773
258 444
258 848
259 147
259 386
260 40
260 576
261 148
261 217
262 129
262 771
263 159
263 719
264 512
264 688
265 186
265 750
266 117
266 177
267 226
267 554
268 48
268 125
269 463
269 476
270 67
270 642
271 581
271 807
272 94
272 251
273 362
273 642
274 885
274 895
275 332
275 437
276 709
276 850
277 30
277 329
278 381
278 832
279 100
279 588
280 303
280 494
281 913
281 967
282 560
282 928
283 158
283 473
284 724
284 742
285 502
285 672
286 277
286 781
287 754
287 766
288 295
288 371
289 525
289 677
290 643
290 821
291 226
291 941
292 476
292 616
293 200
293 495
294 596
294 685
295 750
295 839
296 442
296 964
297 278
297 963
298 231
298 443
299 137
299 165
300 201
300 273
301 570
301 745
302 370
302 403
303 290
303 870
304 841
304 925
305 392
305 777
306 197
306 949
307 269
307 703
308 252
308 759
309 661
309 993
310 656
310 763
311 451
311 784
312 23
312 733
313 446
313 933
314 337
314 394
315 233
315 999
316 18
316 180
317 502
317 766
318 149
318 229
319 45
319 596
320 647
320 854
321 377
321 916
322 472
322 753
323 707
323 971
324 116
324 349
325 100
325 978
326 550
326 616
327 584
327 602
328 110
328 960
329 291
329 888
330 3
330 881
331 695
331 773
332 973
332 1000
333 113
333 423
334 561
334 812
335 35
335 374
336 97
336 144
337 429
337 733
338 297
338 320
339 24
339 408
340 314
340 381
341 55
341 636
342 444
342 695
343 58
343 457
344 582
344 942
345 789
345 921
346 32
346 425
347 504
347 993
348 396
348 699
349 364
349 798
350 125
350 553
351 602
351 748
352 171
352 991
353 46
353 253
354 158
354 862
355 180
355 206
356 105
356 902
357 316
357 470
358 273
358 568
359 396
359 576
360 554
360 961
361 109
361 364
362 349
362 824
363 454
363 540
364 173
364 447
365 712
365 729
366 507
366 667
367 684
367 951
368 432
368 834
369 257
369 546
370 266
370 532
371 39
371 799
372 464
372 545
373 391
373 811
374 363
374 506
375 395
375 422
376 367
376 368
377 448
377 673
378 724
378 815
379 704
379 890
380 7
380 502
381 534
381 902
382 422
382 948
383 298
383 749
384 533
384 876
385 40
385 701
386 60
386 312
387 247
387 267
388 4
388 93
389 699
389 736
390 640
390 999
391 175
391 841
392 714
392 735
393 88
393 192
394 195
394 739
395 65
395 858
396 213
396 503
397 104
397 105
398 79
398 998
399 399
399 672
400 123
400 948
401 103
401 738
402 216
402 527
403 499
403 698
404 113
404 722
405 12
405 140
406 467
406 566
407 683
407 853
408 871
408 963
409 864
409 865
410 913
410 996
411 369
411 525
412 551
412 695
413 666
413 834
414 66
414 552
415 31
415 339
416 155
416 734
417 206
417 836
418 216
418 569
419 288
419 371
420 539
420 907
421 181
421 891
422 140
422 179
423 113
423 250
424 128
424 599
425 27
425 605
426 30
426 885
427 446
427 958
428 160
428 506
429 8
429 898
430 233
430 237
431 861
431 981
432 165
432 971
433 256
433 509
434 213
434 876
435 666
435 881
436 177
436 617
437 199
437 427
438 243
438 674
439 560
439 797
440 325
440 435
441 609
441 659
442 11
442 557
443 441
443 656
444 536
444 678
445 461
445 750
446 546
446 805
447 106
447 184
448 124
448 685
449 455
449 595
450 4
450 652
451 173
451 426
452 688
452 979
453 169
453 542
454 246
454 592
455 232
455 404
456 874
456 921
457 856
457 918
458 123
458 401
459 677
459 877
460 198
460 497
461 647
461 660
462 189
462 610
463 216
463 558
464 82
464 540
465 235
465 327
466 317
466 753
467 255
467 522
468 143
468 445
469 571
469 661
470 279
470 446
471 214
471 412
472 234
472 444
473 72
473 183
474 20
474 783
475 214
475 517
476 86
476 928
477 242
477 807
478 954
478 971
479 9
479 856
480 559
480 650
481 221
481 961
482 37
482 239
483 258
483 611
484 15
484 715
485 647
485 936
486 40
486 876
487 696
487 908
488 235
488 891
489 337
489 549
490 60
490 512
491 101
491 647
492 201
492 462
493 713
493 967
494 599
494 870
495 83
495 665
496 834
496 998
497 109
497 483
498 311
498 410
499 64
499 236
500 682
500 953
501 289
501 703
502 115
502 765
503 45
503 874
504 188
504 711
505 394
505 588
506 431
506 848
507 701
507 790
508 777
508 945
509 798
509 986
510 198
510 377
511 885
511 914
512 539
512 846
513 604
513 774
514 161
514 338
515 562
515 756
516 5
516 281
517 427
517 712
518 99
518 943
519 306
519 365
520 113
520 655
521 609
521 639
522 790
522 935
523 533
523 738
524 78
524 438
525 178
525 989
526 436
526 700
527 536
527 649
528 124
528 882
529 191
529 642
530 294
530 631
531 449
531 914
532 55
532 666
533 4
533 121
534 228
534 955
535 434
535 750
536 157
536 619
537 363
537 759
538 379
538 854
539 872
539 977
540 338
540 949
541 261
541 548
542 447
542 951
543 738
543 926
544 315
544 504
545 156
545 886
546 277
546 786
547 395
547 755
548 371
548 576
549 147
549 278
550 267
550 632
551 187
551 963
552 233
552 771
553 337
553 498
554 258
554 332
555 187
555 419
556 183
556 611
557 806
557 944
558 459
558 841
559 140
559 468
560 118
560 189
561 26
561 818
562 707
562 1000
563 505
563 683
564 551
564 598
565 225
565 619
566 112
566 686
567 144
567 237
568 135
568 602
569 221
569 259
570 322
570 998
571 67
571 385
572 450
572 862
573 436
573 889
574 253
574 761
575 335
575 855
576 456
576 896
577 518
577 705
578 473
578 659
579 232
579 865
580 317
580 991
581 63
581 518
582 721
582 992
583 399
583 690
584 147
584 623
585 613
585 989
586 245
586 736
587 608
587 700
588 536
588 560
589 630
589 640
590 464
590 792
591 543
591 638
592 631
592 802
593 76
593 203
594 143
594 802
595 61
595 436
596 460
596 882
597 453
597 697
598 309
598 697
599 98
599 678
600 61
600 213
601 128
601 245
602 72
602 967
603 402
603 823
604 113
604 629
605 600
605 763
606 647
606 967
607 341
607 410
608 83
608 739
609 32
609 743
610 356
610 888
611 875
611 929
612 213
612 871
613 141
613 563
614 87
614 841
615 248
615 729
616 223
616 255
617 297
617 683
618 184
618 369
619 33
619 401
620 581
620 781
621 401
621 827
622 393
622 542
623 347
623 838
624 491
624 603
625 177
625 947
626 56
626 430
627 431
627 433
628 28
628 504
629 605
629 703
630 839
630 952
631 140
631 367
632 266
632 307
633 37
633 294
634 97
634 947
635 38
635 219
636 357
636 363
637 18
637 105
638 388
638 846
639 209
639 997
640 128
640 743
641 351
641 575
642 317
642 962
643 524
643 704
644 473
644 934
645 397
645 458
646 311
646 916
647 56
647 765
648 182
648 869
649 13
649 532
650 311
650 442
651 518
651 999
652 160
652 624
653 192
653 360
654 401
654 638
655 221
655 539
656 414
656 438
657 66
657 214
658 191
658 462
659 356
659 978
660 581
660 819
661 241
661 607
662 144
662 745
663 462
663 865
664 238
664 470
665 770
665 894
666 8
666 258
667 360
667 524
668 338
668 400
669 296
669 519
670 10
670 570
671 294
671 717
672 100
672 171
673 466
673 690
674 556
674 766
675 469
675 805
676 665
676 739
677 794
677 855
678 428
678 916
679 401
679 506
680 507
680 579
681 694
681 716
682 112
682 171
683 149
683 190
684 738
684 919
685 546
685 670
686 45
686 827
687 392
687 969
688 448
688 630
689 805
689 932
690 472
690 894
691 435
691 798
692 18
692 467
693 645
693 975
694 1
694 981
695 324
695 721
696 132
696 613
697 749
697 845
698 577
698 721
699 594
699 894
700 130
700 190
701 806
701 809
702 197
702 593
703 152
703 386
704 191
704 687
705 288
705 652
706 231
706 868
707 155
707 219
708 281
708 964
709 744
709 801
710 511
710 655
711 523
711 526
712 642
712 766
713 166
713 730
714 240
714 423
715 180
715 217
716 450
716 716
717 8
717 38
718 285
718 499
719 256
719 805
720 488
720 637
721 323
721 340
722 54
722 726
723 514
723 963
724 653
724 861
725 591
725 992
726 18
726 629
727 418
727 906
728 900
728 992
729 62
729 447
730 353
730 818
731 331
731 807
732 303
732 609
733 159
733 513
734 114
734 315
735 516
735 936
736 475
736 481
737 378
737 424
738 174
738 352
739 219
739 960
740 114
740 738
741 53
741 769
742 294
742 558
743 523
743 913
744 448
744 795
745 394
745 836
746 461
746 622
747 228
747 306
748 77
748 916
749 505
749 870
750 666
750 748
751 3
751 712
752 641
752 782
753 714
753 749
754 50
754 383
755 384
755 899
756 29
756 862
757 667
757 833
758 36
758 381
759 143
759 402
760 41
760 631
761 164
761 524
762 93
762 286
763 28
763 141
764 101
764 851
765 234
765 372
766 35
766 833
767 337
767 680
768 233
768 392
769 809
769 996
770 437
770 909
771 315
771 586
772 667
772 718
773 904
773 959
774 124
774 444
775 124
775 545
776 63
776 849
777 435
777 561
778 596
778 976
779 535
779 727
780 907
780 963
781 711
781 745
782 542
782 601
783 335
783 503
784 171
784 851
785 135
785 532
786 209
786 476
787 372
787 813
788 70
788 484
789 315
789 644
790 449
790 929
791 67
791 505
792 263
792 346
793 672
793 793
794 355
794 615
795 210
795 976
796 130
796 565
797 105
797 112
798 546
798 601
799 768
799 821
800 928
800 983
801 104
801 257
802 393
802 507
803 185
803 464
804 293
804 912
805 40
805 970
806 580
806 671
807 550
807 917
808 657
808 720
809 364
809 826
810 149
810 845
811 634
811 999
812 169
812 618
813 103
813 519
814 298
814 949
815 17
815 410
816 392
816 904
817 21
817 497
818 234
818 330
819 758
819 872
820 506
820 680
821 176
821 531
822 337
822 831
823 683
823 812
824 68
824 211
825 39
825 624
826 191
826 797
827 64
827 421
828 67
828 678
829 198
829 943
830 551
830 568
831 68
831 838
832 584
832 816
833 505
833 805
834 350
834 898
835 474
835 939
836 632
836 955
837 336
837 624
838 90
838 870
839 25
839 893
840 597
840 938
841 463
841 676
842 347
842 875
843 475
843 858
844 658
844 966
845 46
845 662
846 363
846 784
847 36
847 875
848 455
848 918
849 578
849 606
850 429
850 680
851 224
851 346
852 685
852 687
853 354
853 585
854 418
854 842
855 12
855 88
856 54
856 794
857 713
857 840
858 419
858 806
859 718
859 962
860 299
860 750
861 476
861 621
862 475
862 807
863 530
863 755
864 127
864 622
865 804
865 935
866 98
866 112
867 644
867 966
868 649
868 731
869 570
869 616
870 283
870 336
871 596
871 877
872 322
872 337
873 98
873 311
874 671
874 709
875 56
875 406
876 906
876 993
877 45
877 996
878 220
878 892
879 735
879 850
880 470
880 633
881 703
881 822
882 110
882 251
883 298
883 999
884 37
884 365
885 148
885 966
886 565
886 884
887 455
887 602
888 1
888 591
889 691
889 927
890 456
890 810
891 944
891 996
892 106
892 461
893 112
893 514
894 214
894 839
895 406
895 668
896 357
896 899
897 438
897 976
898 643
898 872
899 194
899 821
900 263
900 265
901 214
901 780
902 5
902 404
903 315
903 985
904 167
904 252
905 105
905 949
906 658
906 785
907 778
907 823
908 249
908 742
909 728
909 997
910 129
910 646
911 237
911 426
912 274
912 820
913 923
913 962
914 242
914 678
915 452
915 902
916 19
916 558
917 637
917 962
918 596
918 669
919 83
919 248
920 220
920 308
921 694
921 872
922 232
922 685
923 58
923 167
924 179
924 433
925 241
925 643
926 822
926 926
927 317
927 433
928 9
928 720
929 57
929 883
930 12
930 471
931 244
931 936
932 101
932 765
933 462
933 939
934 649
934 990
935 539
935 824
936 126
936 566
937 592
937 793
938 353
938 371
939 287
939 303
940 433
940 579
941 584
941 863
942 381
942 485
943 48
943 378
944 170
944 324
945 847
945 978
946 584
946 922
947 509
947 680
948 386
948 564
949 449
949 936
950 277
950 888
951 333
951 655
952 419
952 621
953 182
953 911
954 169
954 265
955 344
955 975
956 295
956 684
957 270
957 548
958 739
958 883
959 145
959 407
960 200
960 957
961 706
961 882
962 21
962 579
963 234
963 930
964 227
964 733
965 422
965 530
966 236
966 655
967 325
967 645
968 155
968 217
969 570
969 996
970 22
970 318
971 321
971 634
972 742
972 800
973 483
973 762
974 305
974 319
975 549
975 936
976 573
976 689
977 462
977 789
978 34
978 105
979 151
979 279
980 147
980 971
981 728
981 835
982 203
982 581
983 678
983 851
984 157
984 960
985 382
985 775
986 485
986 969
987 398
987 848
988 947
988 977
989 360
989 731
990 320
990 612
991 133
991 823
992 28
992 879
993 121
993 411
994 679
994 851
995 204
995 833
996 330
996 953
997 588
997 968
998 240
998 437
999 108
999 507
1000 831
1000 973
