# The woods are lovely, dark and deep
# But I have promises to keep
# Size: 1000 And miles to go before I sleep
# And miles to go before I sleep
1 190
1 192
1 251
1 621
2 313
2 487
2 708
2 975
3 31
3 52
3 408
3 443
4 48
4 74
4 419
4 764
5 618
5 825
5 980
5 986
6 219
6 269
6 652
6 928
7 3
7 46
7 295
7 996
8 207
8 391
8 817
8 833
9 31
9 176
9 522
9 984
10 107
10 110
10 423
10 715
11 2
11 22
11 440
11 827
12 203
12 410
12 711
12 841
13 42
13 287
13 560
13 835
14 133
14 452
14 456
14 694
15 51
15 280
15 957
15 958
16 624
16 763
16 769
16 821
17 183
17 213
17 512
17 862
18 153
18 212
18 342
18 833
19 208
19 440
19 560
19 886
20 491
20 513
20 937
20 995
21 34
21 245
21 682
21 790
22 552
22 689
22 860
22 927
23 74
23 442
23 447
23 497
24 62
24 67
24 133
24 420
25 180
25 838
25 946
25 986
26 424
26 589
26 768
26 962
27 17
27 28
27 663
27 681
28 81
28 713
28 745
28 904
29 232
29 879
29 951
29 986
30 256
30 258
30 318
30 909
31 74
31 386
31 528
31 719
32 58
32 645
32 655
32 986
33 61
33 259
33 608
33 960
34 272
34 431
34 522
34 876
35 331
35 428
35 594
35 917
36 201
36 204
36 765
36 947
37 168
37 220
37 265
37 565
38 209
38 234
38 463
38 890
39 288
39 396
39 498
39 813
40 51
40 371
40 540
40 919
41 253
41 357
41 683
41 766
42 185
42 806
42 895
42 942
43 66
43 89
43 98
43 157
44 144
44 168
44 357
44 507
45 520
45 680
45 860
45 941
46 20
46 320
46 483
46 724
47 22
47 619
47 825
47 844
48 208
48 355
48 654
48 998
49 79
49 241
49 700
49 999
50 416
50 624
50 695
50 869
51 8
51 69
51 555
51 580
52 437
52 632
52 899
52 987
53 288
53 329
53 344
53 350
54 424
54 623
54 798
54 892
55 67
55 332
55 463
55 844
56 270
56 802
56 866
56 995
57 95
57 113
57 809
57 874
58 56
58 446
58 666
58 827
59 478
59 553
59 601
59 739
60 109
60 370
60 929
60 931
61 426
61 674
61 748
61 749
62 25
62 447
62 487
62 762
63 53
63 587
63 833
63 938
64 491
64 587
64 648
64 748
65 184
65 577
65 672
65 812
66 192
66 270
66 309
66 374
67 594
67 610
67 741
67 908
68 105
68 592
68 702
68 819
69 242
69 332
69 370
69 843
70 349
70 393
70 502
70 957
71 397
71 576
71 784
71 794
72 204
72 497
72 670
72 787
73 197
73 207
73 778
73 899
74 423
74 520
74 946
74 966
75 29
75 407
75 600
75 606
76 262
76 557
76 679
76 835
77 131
77 663
77 702
77 950
78 113
78 471
78 527
78 866
79 91
79 257
79 669
79 930
80 167
80 377
80 649
80 991
81 280
81 406
81 529
81 894
82 21
82 310
82 468
82 754
83 29
83 210
83 737
83 818
84 9
84 275
84 582
84 854
85 293
85 484
85 488
85 885
86 378
86 408
86 660
86 906
87 217
87 484
87 496
87 775
88 322
88 356
88 642
88 645
89 427
89 471
89 647
89 874
90 80
90 86
90 267
90 840
91 18
91 113
91 844
91 873
92 66
92 97
92 101
92 347
93 445
93 582
93 750
93 865
94 416
94 463
94 495
94 685
95 46
95 225
95 625
95 793
96 1
96 82
96 164
96 335
97 339
97 737
97 861
97 945
98 126
98 260
98 450
98 798
99 25
99 429
99 434
99 980
100 102
100 208
100 288
100 868
101 796
101 864
101 948
101 989
102 148
102 393
102 661
102 794
103 59
103 624
103 696
103 888
104 85
104 459
104 706
104 987
105 407
105 448
105 618
105 955
106 15
106 523
106 566
106 600
107 3
107 276
107 329
107 962
108 349
108 428
108 515
108 628
109 314
109 390
109 504
109 889
110 517
110 566
110 651
110 742
111 40
111 808
111 825
111 999
112 240
112 345
112 536
112 837
113 467
113 744
113 787
113 913
114 21
114 128
114 134
114 548
115 92
115 117
115 393
115 985
116 364
116 372
116 393
116 559
117 612
117 658
117 718
117 801
118 113
118 150
118 211
118 997
119 101
119 113
119 687
119 694
120 276
120 573
120 771
120 891
121 386
121 487
121 609
121 636
122 117
122 143
122 465
122 959
123 150
123 348
123 456
123 749
124 453
124 580
124 632
124 809
125 348
125 493
125 613
125 969
126 507
126 573
126 613
126 723
127 366
127 432
127 573
127 852
128 334
128 647
128 687
128 880
129 495
129 629
129 859
129 885
130 717
130 739
130 823
130 969
131 52
131 342
131 352
131 866
132 516
132 595
132 866
132 902
133 338
133 395
133 445
133 869
134 216
134 229
134 304
134 453
135 459
135 487
135 574
135 741
136 47
136 218
136 480
136 642
137 177
137 282
137 387
137 875
138 134
138 422
138 461
138 712
139 42
139 59
139 630
139 634
140 184
140 655
140 841
140 943
141 31
141 217
141 536
141 644
142 148
142 648
142 781
142 986
143 63
143 220
143 547
143 937
144 343
144 359
144 439
144 450
145 91
145 129
145 542
145 792
146 555
146 841
146 913
146 947
147 167
147 305
147 565
147 911
148 486
148 582
148 889
148 931
149 151
149 404
149 835
149 998
150 299
150 386
150 511
150 604
151 167
151 342
151 571
151 775
152 21
152 343
152 617
152 882
153 340
153 553
153 560
153 593
154 430
154 737
154 834
154 851
155 141
155 144
155 474
155 553
156 72
156 147
156 289
156 663
157 259
157 371
157 649
157 960
158 121
158 494
158 522
158 721
159 396
159 419
159 506
159 650
160 263
160 414
160 423
160 597
161 3
161 225
161 644
161 787
162 56
162 828
162 867
162 920
163 107
163 148
163 808
163 956
164 104
164 113
164 332
164 592
165 225
165 424
165 648
165 721
166 595
166 613
166 796
166 975
167 202
167 631
167 632
167 784
168 439
168 454
168 657
168 981
169 135
169 399
169 432
169 958
170 104
170 113
170 696
170 753
171 149
171 169
171 408
171 765
172 108
172 234
172 537
172 862
173 210
173 484
173 496
173 595
174 17
174 126
174 437
174 907
175 256
175 353
175 754
175 939
176 561
176 731
176 840
176 899
177 145
177 294
177 334
177 712
178 64
178 435
178 647
178 668
179 90
179 164
179 278
179 993
180 165
180 446
180 602
180 689
181 211
181 233
181 449
181 756
182 366
182 739
182 763
182 886
183 119
183 461
183 990
183 994
184 519
184 645
184 658
184 696
185 485
185 627
185 641
185 862
186 355
186 394
186 787
186 971
187 79
187 581
187 693
187 805
188 63
188 290
188 432
188 789
189 186
189 347
189 452
189 791
190 623
190 647
190 770
190 987
191 32
191 60
191 631
191 884
192 276
192 426
192 596
192 775
193 226
193 384
193 819
193 843
194 116
194 402
194 469
194 859
195 159
195 526
195 810
195 890
196 218
196 234
196 273
196 775
197 173
197 515
197 978
197 999
198 100
198 659
198 815
198 929
199 245
199 277
199 353
199 573
200 18
200 101
200 174
200 345
201 57
201 87
201 653
201 712
202 93
202 606
202 623
202 994
203 544
203 740
203 791
203 922
204 235
204 342
204 365
204 419
205 60
205 114
205 454
205 949
206 240
206 304
206 365
206 414
207 154
207 158
207 494
207 723
208 511
208 516
208 810
208 969
209 104
209 112
209 219
209 538
210 55
210 654
210 835
210 976
211 219
211 267
211 771
211 817
212 20
212 30
212 109
212 512
213 133
213 750
213 876
213 878
214 143
214 418
214 548
214 657
215 72
215 198
215 213
215 399
216 600
216 688
216 781
216 815
217 79
217 389
217 643
217 771
218 379
218 913
218 939
218 945
219 7
219 140
219 377
219 854
220 3
220 76
220 796
220 993
221 54
221 770
221 941
221 969
222 228
222 285
222 492
222 780
223 1
223 197
223 234
223 532
224 360
224 375
224 779
224 815
225 271
225 297
225 453
225 986
226 44
226 292
226 648
226 928
227 311
227 380
227 513
227 722
228 75
228 239
228 659
228 733
229 169
229 263
229 357
229 588
230 173
230 361
230 462
230 815
231 287
231 571
231 732
231 779
232 762
232 837
232 895
232 927
233 367
233 477
233 539
233 623
234 39
234 89
234 819
234 942
235 77
235 99
235 277
235 722
236 11
236 308
236 554
236 577
237 379
237 494
237 908
237 967
238 42
238 209
238 486
238 873
239 69
239 352
239 402
239 775
240 75
240 83
240 536
240 908
241 379
241 433
241 583
241 963
242 42
242 202
242 370
242 566
243 269
243 682
243 844
243 851
244 221
244 229
244 468
244 823
245 415
245 595
245 649
245 877
246 270
246 396
246 401
246 790
247 21
247 286
247 509
247 908
248 243
248 525
248 745
248 764
249 57
249 348
249 533
249 733
250 44
250 493
250 514
250 641
251 217
251 349
251 563
251 664
252 185
252 387
252 416
252 545
253 171
253 287
253 851
253 945
254 4
254 283
254 544
254 900
255 72
255 324
255 516
255 762
256 321
256 390
256 411
256 926
257 17
257 350
257 713
257 734
258 399
258 468
258 793
258 875
259 116
259 130
259 347
259 686
260 290
260 335
260 426
260 710
261 350
261 389
261 619
261 855
262 191
262 781
262 849
262 912
263 110
263 161
263 512
263 548
264 22
264 268
264 723
264 775
265 122
265 557
265 697
265 719
266 39
266 87
266 786
266 799
267 87
267 338
267 373
267 893
268 153
268 318
268 459
268 953
269 13
269 279
269 690
269 802
270 89
270 437
270 644
270 920
271 208
271 371
271 682
271 971
272 14
272 51
272 86
272 921
273 82
273 444
273 524
273 703
274 200
274 600
274 758
274 785
275 123
275 488
275 698
275 809
276 365
276 510
276 714
276 730
277 83
277 430
277 808
277 879
278 5
278 902
278 939
278 999
279 214
279 322
279 440
279 445
280 518
280 868
280 976
280 983
281 253
281 282
281 334
281 897
282 59
282 103
282 713
282 794
283 48
283 538
283 616
283 673
284 110
284 436
284 527
284 753
285 114
285 812
285 882
285 922
286 215
286 292
286 371
286 957
287 71
287 152
287 462
287 594
288 181
288 188
288 907
288 979
289 368
289 718
289 724
289 811
290 127
290 218
290 329
290 760
291 433
291 451
291 465
291 976
292 255
292 301
292 743
292 761
293 297
293 502
293 759
293 900
294 329
294 663
294 851
294 896
295 239
295 473
295 818
295 884
296 238
296 367
296 739
296 991
297 65
297 162
297 748
297 827
298 137
298 308
298 451
298 933
299 164
299 404
299 450
299 996
300 206
300 721
300 749
300 952
301 298
301 538
301 587
301 795
302 174
302 270
302 289
302 742
303 59
303 122
303 368
303 506
304 443
304 697
304 895
304 964
305 166
305 535
305 646
305 876
306 367
306 502
306 764
306 771
307 249
307 414
307 776
307 864
308 120
308 441
308 609
308 721
309 195
309 296
309 483
309 691
310 112
310 454
310 456
310 748
311 130
311 473
311 729
311 875
312 194
312 408
312 663
312 885
313 29
313 281
313 716
313 941
314 127
314 455
314 593
314 748
315 114
315 366
315 581
315 615
316 324
316 547
316 548
316 916
317 295
317 345
317 543
317 774
318 147
318 412
318 733
318 808
319 426
319 741
319 873
319 917
320 184
320 259
320 558
320 905
321 263
321 327
321 346
321 870
322 67
322 699
322 725
322 761
323 391
323 646
323 915
323 940
324 132
324 509
324 797
324 900
325 114
325 302
325 369
325 764
326 445
326 483
326 517
326 673
327 261
327 745
327 800
327 823
328 86
328 476
328 805
328 993
329 4
329 164
329 583
329 787
330 176
330 223
330 447
330 664
331 138
331 637
331 819
331 986
332 336
332 524
332 618
332 841
333 477
333 620
333 712
333 790
334 133
334 166
334 248
334 624
335 86
335 372
335 397
335 432
336 348
336 389
336 568
336 815
337 59
337 256
337 496
337 873
338 59
338 288
338 673
338 980
339 149
339 542
339 584
339 844
340 113
340 370
340 457
340 798
341 60
341 127
341 516
341 970
342 309
342 644
342 687
342 899
343 307
343 311
343 546
343 617
344 43
344 602
344 724
344 762
345 271
345 320
345 454
345 518
346 81
346 254
346 724
346 836
347 117
347 238
347 818
347 945
348 395
348 662
348 804
348 839
349 485
349 692
349 704
349 769
350 467
350 476
350 612
350 923
351 615
351 651
351 842
351 899
352 359
352 620
352 730
352 952
353 7
353 168
353 321
353 387
354 612
354 799
354 893
354 985
355 641
355 668
355 669
355 693
356 187
356 244
356 289
356 708
357 320
357 401
357 422
357 495
358 210
358 243
358 615
358 753
359 561
359 810
359 838
359 931
360 300
360 336
360 604
360 695
361 23
361 141
361 506
361 915
362 115
362 316
362 707
362 742
363 176
363 315
363 449
363 482
364 289
364 678
364 750
364 757
365 169
365 430
365 715
365 920
366 324
366 662
366 689
366 994
367 513
367 527
367 649
367 957
368 156
368 531
368 553
368 605
369 54
369 191
369 434
369 732
370 173
370 301
370 406
370 955
371 87
371 683
371 799
371 978
372 82
372 239
372 392
372 612
373 51
373 145
373 371
373 775
374 121
374 842
374 871
374 961
375 191
375 471
375 553
375 901
376 110
376 344
376 417
376 825
377 372
377 577
377 782
377 969
378 8
378 145
378 733
378 854
379 69
379 234
379 319
379 384
380 97
380 228
380 634
380 888
381 246
381 476
381 564
381 808
382 33
382 36
382 623
382 1000
383 148
383 592
383 802
383 929
384 164
384 245
384 826
384 946
385 192
385 740
385 752
385 830
386 14
386 322
386 409
386 609
387 273
387 310
387 671
387 749
388 28
388 512
388 603
388 929
389 122
389 188
389 410
389 912
390 343
390 418
390 568
390 940
391 38
391 159
391 391
391 863
392 62
392 433
392 493
392 587
393 2
393 64
393 321
393 365
394 203
394 469
394 512
394 872
395 264
395 376
395 499
395 991
396 160
396 602
396 754
396 949
397 396
397 413
397 858
397 890
398 170
398 338
398 508
398 865
399 76
399 368
399 387
399 957
400 1
400 445
400 728
400 921
401 24
401 524
401 583
401 741
402 49
402 100
402 109
402 146
403 193
403 421
403 529
403 952
404 90
404 451
404 525
404 582
405 80
405 205
405 779
405 852
406 448
406 482
406 653
406 818
407 238
407 388
407 682
407 1000
408 74
408 685
408 822
408 921
409 13
409 97
409 764
409 953
410 177
410 679
410 793
410 816
411 660
411 683
411 784
411 981
412 150
412 556
412 670
412 847
413 98
413 424
413 632
413 847
414 52
414 98
414 873
414 968
415 149
415 230
415 394
415 604
416 349
416 508
416 784
416 981
417 225
417 235
417 597
417 910
418 583
418 763
418 768
418 938
419 174
419 356
419 767
419 902
420 64
420 151
420 596
420 887
421 169
421 892
421 940
421 972
422 68
422 77
422 273
422 380
423 340
423 343
423 831
423 976
424 144
424 173
424 527
424 997
425 1
425 292
425 490
425 941
426 34
426 206
426 763
426 782
427 323
427 351
427 830
427 943
428 287
428 612
428 654
428 948
429 43
429 195
429 413
429 809
430 158
430 363
430 620
430 706
431 293
431 553
431 882
431 925
432 80
432 247
432 393
432 653
433 51
433 267
433 627
433 771
434 183
434 402
434 725
434 926
435 218
435 583
435 738
435 886
436 210
436 242
436 499
436 943
437 70
437 756
437 805
437 980
438 473
438 551
438 605
438 805
439 268
439 451
439 523
439 827
440 22
440 684
440 788
440 806
441 19
441 488
441 745
441 772
442 29
442 315
442 451
442 954
443 43
443 80
443 280
443 535
444 336
444 643
444 766
444 927
445 427
445 638
445 752
445 769
446 40
446 300
446 683
446 849
447 40
447 472
447 879
447 961
448 192
448 255
448 442
448 560
449 468
449 473
449 649
449 870
450 163
450 444
450 907
450 912
451 416
451 522
451 936
451 943
452 143
452 468
452 510
452 943
453 346
453 658
453 695
453 746
454 575
454 621
454 749
454 760
455 17
455 215
455 478
455 839
456 72
456 126
456 295
456 431
457 284
457 494
457 740
457 851
458 3
458 30
458 852
458 945
459 57
459 63
459 578
459 759
460 259
460 479
460 799
460 941
461 202
461 308
461 404
461 658
462 148
462 381
462 408
462 875
463 2
463 358
463 420
463 558
464 327
464 577
464 731
464 939
465 637
465 811
465 960
465 991
466 30
466 64
466 203
466 936
467 171
467 441
467 785
467 901
468 164
468 293
468 584
468 820
469 157
469 195
469 455
469 807
470 97
470 286
470 740
470 777
471 32
471 857
471 884
471 923
472 494
472 518
472 564
472 956
473 117
473 516
473 569
473 651
474 55
474 251
474 370
474 428
475 168
475 193
475 758
475 934
476 68
476 156
476 291
476 515
477 38
477 207
477 718
477 860
478 121
478 389
478 627
478 650
479 18
479 290
479 687
479 691
480 120
480 338
480 465
480 768
481 26
481 301
481 487
481 558
482 127
482 198
482 785
482 979
483 335
483 567
483 827
483 918
484 150
484 375
484 376
484 839
485 64
485 577
485 828
485 915
486 421
486 446
486 666
486 784
487 125
487 315
487 490
487 822
488 111
488 429
488 459
488 513
489 57
489 119
489 176
489 818
490 213
490 227
490 234
490 455
491 71
491 113
491 657
491 759
492 44
492 201
492 460
492 996
493 65
493 407
493 492
493 500
494 319
494 558
494 573
494 829
495 66
495 214
495 422
495 761
496 453
496 489
496 766
496 938
497 52
497 613
497 740
497 785
498 15
498 94
498 111
498 832
499 272
499 722
499 790
499 929
500 137
500 396
500 527
500 615
501 635
501 836
501 880
501 964
502 16
502 48
502 239
502 907
503 165
503 173
503 447
503 997
504 82
504 188
504 205
504 372
505 405
505 688
505 873
505 974
506 9
506 35
506 360
506 479
507 157
507 162
507 314
507 330
508 3
508 108
508 120
508 211
509 491
509 524
509 721
509 835
510 560
510 623
510 904
510 949
511 57
511 111
511 277
511 858
512 47
512 319
512 835
512 966
513 420
513 698
513 854
513 897
514 77
514 175
514 546
514 851
515 38
515 109
515 545
515 625
516 28
516 62
516 145
516 369
517 4
517 391
517 445
517 645
518 98
518 198
518 469
518 762
519 11
519 242
519 580
519 687
520 238
520 316
520 423
520 782
521 111
521 672
521 883
521 996
522 358
522 614
522 729
522 752
523 84
523 92
523 672
523 775
524 243
524 327
524 486
524 762
525 177
525 406
525 593
525 766
526 23
526 91
526 361
526 483
527 160
527 165
527 450
527 687
528 333
528 425
528 572
528 778
529 372
529 408
529 697
529 706
530 597
530 859
530 903
530 992
531 206
531 279
531 304
531 888
532 44
532 565
532 600
532 929
533 36
533 87
533 685
533 940
534 5
534 128
534 226
534 881
535 376
535 446
535 536
535 888
536 231
536 466
536 716
536 801
537 73
537 518
537 817
537 946
538 148
538 156
538 322
538 906
539 252
539 310
539 671
539 733
540 387
540 538
540 672
540 928
541 43
541 591
541 717
541 911
542 614
542 669
542 878
542 933
543 338
543 393
543 695
543 863
544 354
544 650
544 725
544 798
545 156
545 342
545 825
545 858
546 139
546 746
546 753
546 755
547 2
547 90
547 335
547 502
548 133
548 299
548 409
548 787
549 160
549 249
549 486
549 862
550 101
550 790
550 807
550 843
551 415
551 436
551 437
551 691
552 55
552 143
552 237
552 895
553 216
553 322
553 536
553 554
554 215
554 251
554 369
554 958
555 356
555 499
555 684
555 692
556 221
556 255
556 666
556 868
557 44
557 552
557 661
557 814
558 48
558 118
558 251
558 273
559 86
559 138
559 283
559 637
560 66
560 108
560 375
560 874
561 337
561 409
561 689
561 895
562 82
562 169
562 285
562 393
563 29
563 270
563 734
563 963
564 64
564 265
564 357
564 376
565 209
565 627
565 902
565 1000
566 101
566 185
566 797
566 953
567 293
567 448
567 721
567 899
568 37
568 417
568 645
568 762
569 205
569 323
569 692
569 734
570 239
570 573
570 660
570 962
571 314
571 429
571 679
571 886
572 60
572 577
572 677
572 955
573 319
573 525
573 545
573 724
574 131
574 296
574 731
574 794
575 128
575 160
575 213
575 345
576 107
576 248
576 364
576 526
577 46
577 91
577 401
577 624
578 407
578 436
578 487
578 648
579 77
579 158
579 506
579 658
580 248
580 317
580 528
580 718
581 445
581 575
581 620
581 918
582 177
582 408
582 523
582 788
583 255
583 573
583 623
583 795
584 334
584 417
584 518
584 590
585 317
585 348
585 656
585 812
586 153
586 186
586 747
586 772
587 49
587 608
587 658
587 944
588 232
588 496
588 772
588 920
589 12
589 417
589 479
589 991
590 15
590 647
590 702
590 774
591 89
591 452
591 924
591 994
592 183
592 491
592 545
592 901
593 43
593 913
593 937
593 991
594 411
594 471
594 800
594 948
595 691
595 762
595 853
595 891
596 96
596 191
596 494
596 972
597 338
597 600
597 765
597 835
598 612
598 787
598 826
598 952
599 347
599 441
599 805
599 864
600 107
600 121
600 796
600 837
601 36
601 634
601 651
601 665
602 56
602 128
602 232
602 503
603 284
603 287
603 340
603 982
604 150
604 540
604 716
604 879
605 82
605 299
605 462
605 695
606 130
606 226
606 493
606 640
607 297
607 301
607 834
607 934
608 6
608 90
608 444
608 853
609 157
609 305
609 549
609 645
610 62
610 104
610 232
610 854
611 273
611 289
611 683
611 816
612 86
612 409
612 641
612 935
613 185
613 372
613 524
613 892
614 343
614 509
614 683
614 912
615 84
615 157
615 470
615 854
616 203
616 250
616 749
616 756
617 88
617 515
617 759
617 896
618 541
618 897
618 970
618 994
619 187
619 522
619 907
619 977
620 326
620 562
620 743
620 880
621 514
621 652
621 694
621 923
622 8
622 30
622 293
622 697
623 188
623 312
623 725
623 832
624 238
624 750
624 933
624 940
625 225
625 394
625 442
625 710
626 717
626 785
626 872
626 989
627 396
627 550
627 664
627 781
628 12
628 97
628 505
628 876
629 20
629 113
629 375
629 706
630 224
630 335
630 470
630 513
631 4
631 172
631 178
631 682
632 40
632 135
632 156
632 551
633 170
633 541
633 831
633 903
634 24
634 406
634 524
634 992
635 130
635 192
635 272
635 334
636 47
636 165
636 360
636 690
637 93
637 197
637 411
637 727
638 333
638 343
638 661
638 796
639 296
639 355
639 672
639 702
640 89
640 94
640 341
640 636
641 15
641 165
641 542
641 838
642 230
642 495
642 569
642 703
643 377
643 389
643 423
643 800
644 174
644 323
644 422
644 880
645 8
645 120
645 269
645 275
646 66
646 443
646 457
646 826
647 694
647 721
647 759
647 798
648 347
648 472
648 617
648 822
649 14
649 107
649 721
649 973
650 180
650 473
650 704
650 713
651 344
651 620
651 712
651 952
652 187
652 631
652 736
652 738
653 378
653 599
653 603
653 895
654 291
654 536
654 700
654 935
655 28
655 173
655 302
655 788
656 522
656 722
656 843
656 914
657 116
657 133
657 219
657 893
658 115
658 345
658 361
658 476
659 420
659 677
659 890
659 901
660 248
660 528
660 839
660 883
661 416
661 589
661 727
661 968
662 223
662 283
662 439
662 652
663 591
663 631
663 639
663 808
664 377
664 513
664 789
664 863
665 125
665 127
665 198
665 987
666 104
666 108
666 676
666 842
667 487
667 628
667 730
667 881
668 87
668 114
668 652
668 714
669 407
669 529
669 802
669 885
670 61
670 180
670 390
670 455
671 397
671 507
671 594
671 661
672 56
672 504
672 590
672 607
673 367
673 557
673 667
673 908
674 105
674 358
674 436
674 727
675 223
675 364
675 424
675 640
676 12
676 81
676 236
676 545
677 343
677 612
677 744
677 883
678 475
678 527
678 603
678 770
679 393
679 440
679 712
679 865
680 51
680 159
680 661
680 850
681 106
681 191
681 553
681 965
682 302
682 475
682 629
682 949
683 132
683 726
683 873
683 956
684 231
684 249
684 620
684 990
685 164
685 289
685 679
685 770
686 610
686 688
686 790
686 820
687 294
687 844
687 876
687 996
688 152
688 367
688 630
688 826
689 31
689 65
689 69
689 147
690 414
690 583
690 620
690 675
691 628
691 777
691 838
691 885
692 342
692 493
692 712
692 832
693 33
693 268
693 307
693 700
694 64
694 177
694 260
694 382
695 249
695 406
695 547
695 662
696 628
696 802
696 925
696 950
697 190
697 858
697 874
697 917
698 206
698 329
698 808
698 986
699 1
699 325
699 605
699 666
700 332
700 397
700 651
700 752
701 36
701 336
701 379
701 578
702 22
702 47
702 605
702 878
703 224
703 243
703 349
703 546
704 359
704 516
704 565
704 919
705 153
705 510
705 904
705 971
706 7
706 115
706 266
706 882
707 297
707 482
707 488
707 556
708 717
708 735
708 869
708 967
709 506
709 706
709 777
709 930
710 73
710 399
710 606
710 637
711 93
711 288
711 505
711 598
712 7
712 63
712 83
712 677
713 502
713 664
713 742
713 960
714 136
714 159
714 176
714 503
715 29
715 169
715 241
715 773
716 148
716 380
716 688
716 895
717 44
717 442
717 576
717 743
718 59
718 737
718 749
718 784
719 140
719 213
719 248
719 706
720 608
720 694
720 900
720 952
721 181
721 544
721 835
721 984
722 172
722 494
722 564
722 903
723 291
723 362
723 820
723 950
724 206
724 234
724 540
724 565
725 230
725 272
725 333
725 489
726 165
726 394
726 475
726 488
727 115
727 124
727 198
727 930
728 118
728 190
728 436
728 526
729 100
729 298
729 570
729 903
730 157
730 288
730 337
730 626
731 110
731 595
731 606
731 619
732 314
732 419
732 483
732 914
733 228
733 732
733 888
733 963
734 19
734 603
734 756
734 849
735 167
735 668
735 839
735 968
736 274
736 309
736 486
736 919
737 263
737 405
737 469
737 974
738 497
738 595
738 733
738 922
739 447
739 796
739 811
739 920
740 148
740 380
740 596
740 639
741 36
741 97
741 608
741 794
742 120
742 500
742 630
742 956
743 1
743 495
743 679
743 839
744 268
744 752
744 800
744 980
745 606
745 673
745 689
745 992
746 7
746 157
746 221
746 366
747 311
747 537
747 760
747 871
748 193
748 680
748 908
748 964
749 53
749 191
749 253
749 776
750 190
750 323
750 526
750 954
751 565
751 718
751 917
751 975
752 293
752 469
752 847
752 878
753 295
753 329
753 747
753 769
754 574
754 580
754 675
754 974
755 234
755 395
755 845
755 974
756 236
756 527
756 638
756 698
757 165
757 469
757 494
757 529
758 160
758 538
758 826
758 846
759 212
759 325
759 772
759 1000
760 248
760 270
760 769
760 907
761 8
761 196
761 417
761 578
762 188
762 200
762 452
762 873
763 143
763 302
763 344
763 952
764 72
764 510
764 592
764 861
765 741
765 816
765 903
765 906
766 38
766 369
766 596
766 934
767 273
767 629
767 684
767 776
768 320
768 396
768 714
768 954
769 289
769 641
769 657
769 684
770 216
770 337
770 413
770 498
771 211
771 558
771 732
771 952
772 501
772 901
772 944
772 948
773 160
773 350
773 587
773 724
774 304
774 581
774 805
774 866
775 25
775 36
775 140
775 722
776 298
776 607
776 715
776 996
777 586
777 657
777 757
777 969
778 245
778 259
778 261
778 598
779 218
779 324
779 383
779 845
780 549
780 594
780 722
780 742
781 215
781 272
781 391
781 448
782 228
782 333
782 553
782 801
783 814
783 910
783 918
783 951
784 35
784 59
784 489
784 649
785 282
785 669
785 750
785 932
786 80
786 266
786 831
786 937
787 35
787 273
787 745
787 877
788 51
788 229
788 662
788 752
789 14
789 151
789 172
789 830
790 221
790 538
790 716
790 788
791 161
791 189
791 192
791 202
792 11
792 416
792 811
792 840
793 704
793 829
793 879
793 901
794 138
794 554
794 799
794 819
795 542
795 605
795 620
795 984
796 329
796 534
796 706
796 725
797 284
797 522
797 870
797 979
798 112
798 413
798 743
798 874
799 418
799 554
799 574
799 986
800 356
800 425
800 545
800 683
801 32
801 399
801 528
801 923
802 63
802 88
802 445
802 656
803 222
803 496
803 582
803 873
804 85
804 493
804 742
804 858
805 101
805 360
805 764
805 812
806 17
806 475
806 895
806 979
807 243
807 286
807 738
807 839
808 129
808 145
808 325
808 342
809 181
809 620
809 719
809 900
810 21
810 165
810 188
810 594
811 56
811 636
811 768
811 1000
812 29
812 169
812 390
812 905
813 213
813 327
813 709
813 841
814 257
814 461
814 722
814 727
815 52
815 274
815 304
815 820
816 286
816 433
816 540
816 802
817 337
817 417
817 504
817 537
818 120
818 287
818 770
818 906
819 120
819 459
819 554
819 742
820 97
820 113
820 236
820 514
821 113
821 434
821 541
821 596
822 186
822 356
822 468
822 893
823 278
823 327
823 782
823 991
824 496
824 532
824 602
824 777
825 214
825 615
825 826
825 912
826 336
826 479
826 700
826 719
827 406
827 507
827 553
827 851
828 485
828 648
828 817
828 962
829 210
829 385
829 812
829 966
830 424
830 506
830 545
830 936
831 217
831 340
831 602
831 924
832 336
832 554
832 703
832 716
833 54
833 182
833 768
833 813
834 200
834 466
834 469
834 784
835 283
835 359
835 365
835 948
836 16
836 61
836 348
836 732
837 40
837 557
837 699
837 938
838 38
838 359
838 625
838 822
839 182
839 291
839 534
839 776
840 144
840 234
840 470
840 906
841 358
841 425
841 608
841 828
842 211
842 392
842 652
842 988
843 156
843 215
843 337
843 381
844 289
844 539
844 739
844 906
845 28
845 34
845 222
845 286
846 665
846 910
846 911
846 926
847 340
847 392
847 552
847 932
848 232
848 716
848 833
848 883
849 414
849 474
849 627
849 749
850 75
850 689
850 777
850 829
851 141
851 313
851 529
851 774
852 13
852 123
852 302
852 905
853 127
853 464
853 508
853 947
854 397
854 432
854 616
854 738
855 70
855 306
855 384
855 946
856 138
856 859
856 899
856 902
857 261
857 417
857 498
857 573
858 487
858 503
858 750
858 838
859 85
859 278
859 503
859 696
860 158
860 312
860 610
860 966
861 74
861 210
861 631
861 812
862 62
862 475
862 853
862 992
863 7
863 30
863 112
863 791
864 47
864 181
864 441
864 931
865 313
865 581
865 737
865 799
866 102
866 332
866 362
866 841
867 212
867 443
867 471
867 936
868 305
868 362
868 421
868 539
869 9
869 270
869 345
869 438
870 79
870 117
870 666
870 953
871 33
871 433
871 465
871 602
872 105
872 117
872 314
872 320
873 442
873 652
873 789
873 937
874 436
874 470
874 630
874 980
875 109
875 241
875 572
875 756
876 133
876 498
876 501
876 980
877 506
877 522
877 549
877 745
878 343
878 598
878 613
878 699
879 336
879 465
879 597
879 830
880 169
880 679
880 757
880 886
881 206
881 685
881 816
881 858
882 71
882 441
882 696
882 786
883 261
883 321
883 684
883 873
884 224
884 302
884 598
884 875
885 42
885 116
885 698
885 854
886 299
886 618
886 791
886 992
887 286
887 395
887 629
887 822
888 23
888 533
888 718
888 996
889 12
889 284
889 726
889 790
890 203
890 427
890 443
890 777
891 456
891 507
891 730
891 993
892 400
892 709
892 788
892 888
893 190
893 219
893 376
893 378
894 107
894 297
894 816
894 958
895 313
895 342
895 535
895 572
896 71
896 94
896 867
896 995
897 14
897 120
897 684
897 917
898 5
898 23
898 369
898 438
899 24
899 59
899 951
899 995
900 133
900 733
900 775
900 897
901 60
901 221
901 311
901 605
902 428
902 657
902 741
902 767
903 272
903 680
903 770
903 796
904 335
904 497
904 582
904 944
905 46
905 144
905 380
905 447
906 32
906 578
906 837
906 973
907 215
907 267
907 367
907 984
908 324
908 360
908 486
908 875
909 56
909 117
909 310
909 325
910 141
910 482
910 878
910 956
911 522
911 599
911 888
911 923
912 69
912 239
912 610
912 708
913 230
913 279
913 657
913 687
914 223
914 550
914 565
914 738
915 231
915 258
915 928
915 942
916 408
916 456
916 665
916 726
917 37
917 315
917 828
917 978
918 529
918 543
918 564
918 960
919 482
919 605
919 744
919 943
920 508
920 590
920 700
920 914
921 279
921 501
921 832
921 861
922 120
922 259
922 280
922 735
923 284
923 418
923 827
923 896
924 392
924 620
924 632
924 938
925 36
925 277
925 473
925 807
926 41
926 582
926 640
926 838
927 120
927 177
927 254
927 278
928 108
928 382
928 509
928 863
929 226
929 668
929 769
929 794
930 169
930 210
930 354
930 993
931 53
931 335
931 674
931 883
932 386
932 395
932 439
932 487
933 1
933 345
933 826
933 853
934 183
934 327
934 469
934 908
935 144
935 260
935 885
935 962
936 401
936 435
936 719
936 934
937 90
937 109
937 618
937 862
938 153
938 197
938 200
938 914
939 437
939 780
939 839
939 852
940 146
940 541
940 627
940 797
941 340
941 678
941 850
941 990
942 62
942 95
942 408
942 772
943 171
943 623
943 694
943 801
944 494
944 539
944 942
944 977
945 327
945 427
945 911
945 993
946 334
946 394
946 643
946 933
947 263
947 631
947 658
947 793
948 685
948 696
948 759
948 850
949 203
949 385
949 628
949 875
950 229
950 445
950 610
950 655
951 163
951 481
951 796
951 977
952 157
952 614
952 732
952 974
953 106
953 118
953 678
953 935
954 7
954 174
954 481
954 848
955 512
955 577
955 914
955 942
956 258
956 301
956 379
956 667
957 176
957 481
957 617
957 742
958 34
958 247
958 295
958 350
959 118
959 431
959 880
959 883
960 164
960 895
960 902
960 960
961 144
961 146
961 580
961 668
962 325
962 395
962 789
962 800
963 8
963 305
963 728
963 874
964 161
964 685
964 853
964 934
965 65
965 167
965 629
965 873
966 385
966 500
966 772
966 885
967 60
967 171
967 599
967 998
968 271
968 467
968 652
968 810
969 134
969 252
969 920
969 942
970 25
970 611
970 621
970 718
971 39
971 69
971 551
971 909
972 100
972 189
972 434
972 727
973 678
973 809
973 833
973 855
974 252
974 503
974 522
974 807
975 87
975 364
975 651
975 845
976 377
976 378
976 856
976 905
977 3
977 29
977 332
977 702
978 73
978 523
978 550
978 593
979 115
979 160
979 827
979 897
980 175
980 267
980 806
980 835
981 446
981 498
981 591
981 825
982 279
982 557
982 661
982 769
983 26
983 184
983 708
983 767
984 266
984 444
984 610
984 995
985 141
985 402
985 508
985 801
986 157
986 241
986 568
986 569
987 19
987 69
987 129
987 797
988 67
988 93
988 178
988 701
989 172
989 343
989 410
989 716
990 202
990 298
990 533
990 787
991 127
991 162
991 205
991 943
992 63
992 381
992 555
992 869
993 254
993 403
993 917
993 918
994 276
994 408
994 757
994 984
995 280
995 302
995 316
995 874
996 387
996 595
996 687
996 775
997 385
997 657
997 895
997 935
998 309
998 314
998 373
998 759
999 439
999 601
999 625
999 743
1000 196
1000 552
1000 739
1000 837
