# The woods are lovely, dark and deep
# But I have promises to keep
# Size: 1000 And miles to go before I sleep
# And miles to go before I sleep
1 544
1 593
1 791
1 986
2 34
2 175
2 607
2 827
3 53
3 121
3 402
3 588
4 422
4 636
4 795
4 876
5 3
5 46
5 576
5 916
6 441
6 645
6 749
6 826
7 226
7 475
7 690
7 948
8 19
8 47
8 467
8 882
9 366
9 450
9 497
9 714
10 397
10 702
10 831
10 934
11 285
11 377
11 441
11 791
12 20
12 361
12 481
12 844
13 124
13 224
13 302
13 774
14 263
14 487
14 742
14 809
15 22
15 88
15 265
15 362
16 148
16 489
16 611
16 786
17 565
17 792
17 828
17 909
18 146
18 202
18 234
18 511
19 254
19 278
19 506
19 610
20 190
20 596
20 724
20 832
21 301
21 467
21 843
21 981
22 201
22 215
22 738
22 759
23 27
23 312
23 680
23 879
24 53
24 443
24 485
24 692
25 62
25 63
25 113
25 893
26 72
26 519
26 534
26 853
27 336
27 428
27 429
27 983
28 57
28 501
28 568
28 693
29 478
29 484
29 566
29 890
30 27
30 164
30 712
30 719
31 427
31 491
31 687
31 785
32 742
32 749
32 977
32 996
33 535
33 623
33 687
33 706
34 225
34 309
34 528
34 698
35 117
35 452
35 673
35 903
36 44
36 148
36 666
36 803
37 169
37 537
37 558
37 778
38 205
38 576
38 767
38 776
39 258
39 727
39 844
39 883
40 15
40 335
40 472
40 722
41 102
41 412
41 728
41 963
42 38
42 355
42 634
42 819
43 25
43 154
43 937
43 988
44 66
44 94
44 842
44 960
45 235
45 334
45 469
45 822
46 134
46 665
46 686
46 845
47 617
47 652
47 687
47 829
48 48
48 361
48 622
48 780
49 60
49 216
49 668
49 758
50 384
50 467
50 745
50 902
51 241
51 270
51 690
51 699
52 33
52 73
52 245
52 493
53 130
53 554
53 586
53 672
54 78
54 229
54 593
54 950
55 245
55 740
55 942
55 970
56 39
56 734
56 762
56 839
57 324
57 457
57 772
57 877
58 15
58 22
58 234
58 813
59 151
59 204
59 621
59 860
60 98
60 399
60 772
60 797
61 87
61 459
61 797
61 867
62 368
62 411
62 525
62 550
63 149
63 240
63 716
63 908
64 34
64 299
64 614
64 672
65 10
65 71
65 919
65 974
66 217
66 597
66 790
66 835
67 70
67 238
67 338
67 812
68 406
68 687
68 805
68 949
69 75
69 169
69 255
69 810
70 271
70 490
70 603
70 805
71 309
71 369
71 757
71 827
72 17
72 658
72 672
72 874
73 128
73 703
73 902
73 916
74 733
74 773
74 867
74 875
75 170
75 510
75 676
75 732
76 178
76 230
76 865
76 949
77 583
77 667
77 678
77 699
78 34
78 284
78 448
78 657
79 53
79 205
79 253
79 969
80 364
80 384
80 415
80 444
81 310
81 450
81 510
81 725
82 396
82 420
82 799
82 969
83 208
83 225
83 349
83 823
84 248
84 565
84 802
84 938
85 91
85 541
85 625
85 843
86 142
86 249
86 303
86 897
87 32
87 35
87 593
87 825
88 161
88 295
88 369
88 666
89 398
89 599
89 792
89 873
90 202
90 515
90 671
90 706
91 136
91 324
91 601
91 864
92 230
92 906
92 919
92 934
93 7
93 219
93 763
93 843
94 197
94 712
94 802
94 993
95 6
95 174
95 589
95 685
96 241
96 374
96 438
96 930
97 344
97 756
97 818
97 971
98 9
98 111
98 639
98 802
99 138
99 727
99 746
99 773
100 1
100 166
100 670
100 763
101 6
101 667
101 683
101 965
102 153
102 245
102 396
102 444
103 291
103 321
103 346
103 813
104 512
104 613
104 750
104 962
105 306
105 655
105 777
105 801
106 87
106 311
106 756
106 910
107 667
107 678
107 728
107 772
108 132
108 480
108 556
108 621
109 749
109 765
109 824
109 878
110 17
110 632
110 801
110 915
111 189
111 313
111 390
111 514
112 473
112 652
112 684
112 827
113 122
113 225
113 600
113 773
114 83
114 798
114 817
114 863
115 307
115 353
115 748
115 904
116 281
116 467
116 783
116 971
117 318
117 576
117 617
117 822
118 132
118 461
118 587
118 918
119 137
119 302
119 525
119 945
120 191
120 660
120 863
120 962
121 156
121 372
121 535
121 674
122 76
122 116
122 194
122 883
123 9
123 263
123 838
123 976
124 237
124 450
124 482
124 483
125 50
125 622
125 875
125 993
126 25
126 346
126 398
126 496
127 400
127 493
127 598
127 959
128 135
128 408
128 501
128 988
129 192
129 248
129 360
129 919
130 210
130 237
130 359
130 805
131 106
131 292
131 338
131 468
132 61
132 121
132 167
132 265
133 215
133 317
133 550
133 878
134 228
134 416
134 650
134 873
135 127
135 687
135 781
135 971
136 193
136 350
136 381
136 596
137 203
137 268
137 285
137 411
138 204
138 329
138 718
138 961
139 86
139 880
139 930
139 971
140 54
140 628
140 860
140 945
141 101
141 273
141 310
141 878
142 18
142 79
142 289
142 976
143 206
143 223
143 322
143 364
144 16
144 607
144 628
144 973
145 14
145 354
145 922
145 956
146 35
146 185
146 669
146 794
147 168
147 210
147 722
147 848
148 261
148 745
148 800
148 822
149 515
149 729
149 782
149 858
150 490
150 837
150 898
150 978
151 171
151 189
151 570
151 758
152 118
152 167
152 207
152 501
153 403
153 644
153 658
153 796
154 47
154 740
154 780
154 886
155 262
155 447
155 459
155 585
156 808
156 816
156 882
156 956
157 20
157 115
157 625
157 960
158 338
158 857
158 863
158 897
159 333
159 673
159 920
159 981
160 184
160 248
160 479
160 635
161 72
161 143
161 495
161 795
162 173
162 209
162 297
162 953
163 205
163 224
163 854
163 921
164 40
164 77
164 364
164 777
165 562
165 598
165 801
165 861
166 216
166 451
166 565
166 896
167 213
167 452
167 559
167 746
168 105
168 261
168 285
168 881
169 32
169 607
169 612
169 974
170 299
170 331
170 579
170 753
171 145
171 505
171 713
171 823
172 97
172 158
172 615
172 639
173 3
173 241
173 556
173 578
174 47
174 562
174 632
174 997
175 304
175 591
175 839
175 874
176 103
176 390
176 642
176 717
177 113
177 181
177 284
177 685
178 81
178 138
178 901
178 961
179 513
179 629
179 969
179 975
180 2
180 213
180 427
180 433
181 103
181 608
181 745
181 847
182 304
182 318
182 688
182 757
183 67
183 470
183 709
183 823
184 502
184 553
184 775
184 813
185 177
185 239
185 414
185 615
186 272
186 439
186 906
186 965
187 115
187 222
187 267
187 679
188 526
188 556
188 808
188 822
189 2
189 133
189 807
189 916
190 209
190 213
190 337
190 650
191 39
191 208
191 301
191 443
192 22
192 87
192 383
192 538
193 222
193 401
193 450
193 944
194 345
194 688
194 821
194 896
195 90
195 392
195 413
195 688
196 118
196 255
196 470
196 699
197 91
197 741
197 800
197 957
198 448
198 456
198 809
198 923
199 55
199 475
199 567
199 796
200 492
200 668
200 691
200 886
201 35
201 335
201 463
201 867
202 106
202 479
202 628
202 733
203 557
203 637
203 787
203 845
204 343
204 573
204 742
204 1000
205 43
205 329
205 447
205 848
206 163
206 526
206 755
206 958
207 19
207 710
207 773
207 846
208 136
208 558
208 803
208 997
209 632
209 701
209 741
209 808
210 201
210 511
210 585
210 800
211 228
211 390
211 449
211 762
212 1
212 775
212 803
212 989
213 36
213 43
213 270
213 854
214 48
214 74
214 591
214 593
215 121
215 255
215 627
215 927
216 106
216 419
216 877
216 939
217 294
217 588
217 714
217 724
218 487
218 636
218 867
218 881
219 105
219 127
219 368
219 505
220 144
220 219
220 522
220 932
221 392
221 400
221 621
221 694
222 165
222 249
222 610
222 700
223 412
223 539
223 616
223 768
224 125
224 140
224 530
224 878
225 50
225 93
225 541
225 631
226 36
226 221
226 581
226 772
227 330
227 419
227 624
227 738
228 135
228 237
228 698
228 799
229 23
229 500
229 642
229 734
230 563
230 699
230 773
230 935
231 342
231 637
231 695
231 763
232 105
232 304
232 448
232 480
233 16
233 203
233 242
233 279
234 242
234 629
234 849
234 986
235 42
235 526
235 663
235 983
236 367
236 693
236 862
236 900
237 114
237 442
237 655
237 843
238 578
238 587
238 643
238 969
239 301
239 343
239 534
239 550
240 214
240 791
240 831
240 878
241 118
241 351
241 834
241 923
242 153
242 767
242 902
242 946
243 56
243 351
243 517
243 873
244 342
244 458
244 585
244 845
245 31
245 234
245 465
245 529
246 28
246 615
246 617
246 984
247 62
247 64
247 125
247 544
248 138
248 704
248 766
248 954
249 160
249 564
249 668
249 1000
250 242
250 310
250 400
250 842
251 276
251 397
251 442
251 748
252 22
252 167
252 619
252 682
253 414
253 530
253 834
253 847
254 107
254 252
254 457
254 991
255 190
255 639
255 691
255 923
256 232
256 389
256 605
256 619
257 172
257 246
257 291
257 423
258 254
258 278
258 738
258 804
259 19
259 409
259 520
259 553
260 85
260 583
260 798
260 805
261 72
261 370
261 408
261 638
262 598
262 757
262 883
262 944
263 131
263 263
263 386
263 516
264 296
264 540
264 576
264 591
265 92
265 518
265 561
265 958
266 9
266 283
266 824
266 827
267 278
267 384
267 456
267 866
268 173
268 372
268 760
268 962
269 22
269 212
269 227
269 931
270 7
270 560
270 570
270 627
271 127
271 521
271 714
271 725
272 221
272 277
272 320
272 586
273 500
273 596
273 661
273 711
274 104
274 271
274 273
274 695
275 38
275 287
275 364
275 847
276 122
276 341
276 670
276 842
277 28
277 446
277 646
277 901
278 99
278 274
278 390
278 755
279 76
279 403
279 661
279 758
280 203
280 399
280 453
280 515
281 17
281 711
281 953
281 957
282 58
282 177
282 274
282 728
283 98
283 681
283 693
283 800
284 173
284 289
284 777
284 982
285 3
285 4
285 8
285 985
286 94
286 240
286 425
286 600
287 176
287 331
287 438
287 572
288 14
288 237
288 428
288 714
289 51
289 60
289 105
289 637
290 125
290 676
290 809
290 916
291 192
291 470
291 478
291 664
292 4
292 204
292 650
292 946
293 415
293 637
293 669
293 932
294 330
294 359
294 614
294 863
295 185
295 549
295 846
295 931
296 27
296 582
296 954
296 976
297 42
297 184
297 305
297 605
298 345
298 418
298 442
298 952
299 53
299 109
299 539
299 737
300 154
300 193
300 246
300 867
301 79
301 82
301 153
301 809
302 8
302 579
302 593
302 968
303 463
303 524
303 733
303 837
304 177
304 283
304 556
304 559
305 86
305 102
305 218
305 870
306 31
306 41
306 624
306 925
307 26
307 131
307 143
307 409
308 440
308 523
308 535
308 945
309 259
309 266
309 617
309 620
310 288
310 542
310 728
310 999
311 308
311 376
311 503
311 946
312 263
312 414
312 509
312 547
313 80
313 89
313 297
313 951
314 55
314 125
314 261
314 486
315 116
315 374
315 693
315 733
316 588
316 798
316 826
316 852
317 98
317 354
317 601
317 908
318 466
318 706
318 722
318 938
319 43
319 511
319 555
319 974
320 158
320 508
320 859
320 892
321 113
321 188
321 293
321 366
322 22
322 154
322 460
322 657
323 578
323 807
323 904
323 928
324 88
324 271
324 664
324 837
325 190
325 527
325 572
325 732
326 33
326 186
326 329
326 975
327 286
327 484
327 540
327 859
328 685
328 836
328 848
328 924
329 208
329 247
329 578
329 740
330 15
330 280
330 620
330 836
331 505
331 622
331 680
331 710
332 288
332 483
332 555
332 742
333 456
333 484
333 550
333 821
334 463
334 771
334 773
334 867
335 106
335 113
335 560
335 941
336 120
336 144
336 218
336 566
337 23
337 216
337 634
337 818
338 529
338 574
338 710
338 728
339 395
339 435
339 832
339 878
340 119
340 708
340 737
340 776
341 91
341 136
341 562
341 639
342 288
342 289
342 453
342 610
343 18
343 792
343 890
343 990
344 253
344 790
344 838
344 945
345 119
345 266
345 434
345 886
346 6
346 178
346 539
346 996
347 276
347 357
347 707
347 761
348 525
348 581
348 843
348 856
349 79
349 103
349 117
349 972
350 75
350 149
350 692
350 893
351 271
351 835
351 899
351 918
352 194
352 231
352 334
352 512
353 139
353 390
353 464
353 966
354 146
354 475
354 476
354 746
355 496
355 500
355 624
355 690
356 287
356 755
356 763
356 797
357 134
357 515
357 753
357 868
358 5
358 190
358 558
358 824
359 57
359 824
359 973
359 984
360 143
360 451
360 548
360 772
361 171
361 470
361 488
361 729
362 446
362 471
362 780
362 952
363 251
363 296
363 780
363 882
364 121
364 432
364 446
364 451
365 225
365 442
365 974
365 993
366 445
366 452
366 881
366 908
367 472
367 639
367 672
367 705
368 232
368 361
368 368
368 971
369 82
369 370
369 609
369 730
370 49
370 59
370 880
370 985
371 42
371 286
371 755
371 756
372 185
372 347
372 478
372 663
373 249
373 416
373 807
373 857
374 248
374 373
374 663
374 883
375 171
375 300
375 510
375 876
376 59
376 310
376 633
376 979
377 555
377 568
377 767
377 883
378 131
378 630
378 656
378 727
379 25
379 207
379 563
379 682
380 13
380 458
380 660
380 970
381 530
381 647
381 692
381 735
382 102
382 364
382 645
382 986
383 308
383 317
383 384
383 490
384 4
384 734
384 766
384 949
385 214
385 415
385 581
385 858
386 362
386 395
386 808
386 959
387 235
387 314
387 409
387 932
388 41
388 320
388 498
388 929
389 51
389 780
389 930
389 1000
390 452
390 492
390 518
390 746
391 47
391 432
391 596
391 894
392 398
392 495
392 618
392 627
393 177
393 364
393 581
393 890
394 160
394 559
394 711
394 724
395 100
395 299
395 621
395 973
396 7
396 31
396 131
396 166
397 435
397 581
397 807
397 860
398 178
398 442
398 493
398 913
399 304
399 458
399 533
399 609
400 478
400 497
400 504
400 566
401 39
401 109
401 754
401 932
402 113
402 524
402 531
402 813
403 37
403 344
403 415
403 782
404 47
404 140
404 487
404 674
405 643
405 647
405 654
405 928
406 702
406 814
406 946
406 975
407 45
407 863
407 884
407 986
408 213
408 391
408 531
408 544
409 426
409 448
409 496
409 638
410 134
410 353
410 478
410 823
411 39
411 500
411 529
411 549
412 541
412 751
412 770
412 956
413 149
413 280
413 663
413 882
414 116
414 472
414 567
414 948
415 294
415 506
415 717
415 887
416 58
416 119
416 884
416 926
417 35
417 356
417 503
417 879
418 575
418 812
418 888
418 926
419 372
419 437
419 462
419 796
420 361
420 485
420 543
420 902
421 21
421 80
421 528
421 537
422 104
422 170
422 559
422 680
423 152
423 171
423 411
423 459
424 52
424 107
424 467
424 935
425 56
425 638
425 670
425 803
426 120
426 186
426 538
426 580
427 283
427 603
427 698
427 699
428 96
428 144
428 222
428 687
429 461
429 464
429 638
429 711
430 90
430 192
430 256
430 485
431 401
431 525
431 624
431 817
432 285
432 361
432 389
432 719
433 35
433 39
433 47
433 791
434 238
434 682
434 764
434 888
435 286
435 309
435 769
435 857
436 75
436 231
436 522
436 534
437 126
437 960
437 973
437 979
438 75
438 330
438 700
438 882
439 91
439 451
439 757
439 991
440 229
440 418
440 476
440 538
441 274
441 518
441 789
441 876
442 122
442 308
442 851
442 944
443 129
443 206
443 396
443 592
444 433
444 545
444 639
444 815
445 47
445 108
445 148
445 209
446 111
446 550
446 563
446 947
447 51
447 629
447 646
447 715
448 419
448 578
448 619
448 769
449 194
449 405
449 756
449 812
450 115
450 172
450 386
450 599
451 205
451 426
451 853
451 889
452 178
452 402
452 540
452 740
453 102
453 311
453 533
453 929
454 724
454 797
454 913
454 977
455 155
455 332
455 392
455 826
456 396
456 500
456 755
456 832
457 279
457 389
457 463
457 868
458 399
458 411
458 720
458 813
459 65
459 67
459 584
459 720
460 421
460 498
460 563
460 571
461 127
461 187
461 419
461 719
462 35
462 439
462 443
462 904
463 392
463 486
463 510
463 521
464 108
464 151
464 541
464 621
465 49
465 150
465 761
465 858
466 32
466 453
466 570
466 949
467 218
467 410
467 885
467 923
468 243
468 747
468 923
468 942
469 208
469 419
469 590
469 758
470 780
470 817
470 943
470 944
471 30
471 407
471 779
471 952
472 383
472 422
472 793
472 950
473 18
473 129
473 483
473 981
474 172
474 509
474 550
474 574
475 102
475 319
475 625
475 847
476 14
476 510
476 812
476 932
477 262
477 543
477 673
477 919
478 13
478 365
478 521
478 529
479 266
479 369
479 458
479 495
480 251
480 314
480 583
480 717
481 33
481 564
481 586
481 634
482 195
482 220
482 276
482 695
483 295
483 356
483 595
483 668
484 97
484 115
484 153
484 839
485 98
485 124
485 323
485 613
486 157
486 466
486 487
486 667
487 335
487 554
487 757
487 794
488 13
488 306
488 762
488 962
489 17
489 590
489 619
489 661
490 164
490 650
490 767
490 849
491 150
491 210
491 449
491 986
492 650
492 702
492 723
492 744
493 391
493 561
493 574
493 940
494 296
494 444
494 624
494 931
495 94
495 114
495 207
495 955
496 514
496 587
496 636
496 753
497 156
497 186
497 373
497 724
498 28
498 139
498 689
498 801
499 253
499 549
499 609
499 660
500 616
500 659
500 935
500 981
501 474
501 530
501 633
501 827
502 110
502 498
502 590
502 848
503 363
503 745
503 799
503 859
504 128
504 392
504 751
504 887
505 149
505 165
505 274
505 443
506 273
506 387
506 805
506 904
507 224
507 323
507 390
507 971
508 575
508 633
508 693
508 764
509 173
509 323
509 606
509 791
510 193
510 420
510 421
510 741
511 136
511 264
511 461
511 862
512 567
512 720
512 920
512 921
513 19
513 193
513 298
513 788
514 490
514 619
514 621
514 880
515 206
515 329
515 701
515 906
516 28
516 160
516 678
516 960
517 571
517 751
517 770
517 943
518 65
518 310
518 611
518 661
519 263
519 288
519 611
519 669
520 347
520 457
520 876
520 881
521 503
521 755
521 856
521 941
522 28
522 169
522 459
522 487
523 212
523 667
523 915
523 997
524 139
524 388
524 519
524 767
525 38
525 92
525 106
525 426
526 333
526 376
526 557
526 916
527 354
527 639
527 816
527 851
528 113
528 292
528 415
528 1000
529 585
529 657
529 853
529 902
530 114
530 185
530 516
530 678
531 100
531 749
531 788
531 994
532 344
532 466
532 493
532 745
533 17
533 95
533 261
533 285
534 359
534 396
534 633
534 649
535 282
535 806
535 966
535 980
536 274
536 586
536 717
536 850
537 10
537 281
537 291
537 940
538 98
538 114
538 546
538 964
539 250
539 358
539 510
539 877
540 597
540 641
540 706
540 782
541 310
541 317
541 555
541 787
542 402
542 530
542 682
542 967
543 252
543 369
543 701
543 949
544 29
544 142
544 187
544 830
545 293
545 431
545 593
545 873
546 115
546 190
546 813
546 817
547 40
547 104
547 815
547 880
548 8
548 52
548 222
548 349
549 248
549 456
549 739
549 775
550 165
550 301
550 692
550 841
551 422
551 655
551 847
551 899
552 40
552 159
552 511
552 548
553 28
553 105
553 587
553 696
554 378
554 405
554 726
554 887
555 10
555 511
555 785
555 943
556 9
556 98
556 541
556 892
557 23
557 47
557 226
557 525
558 582
558 675
558 937
558 945
559 468
559 617
559 648
559 908
560 145
560 491
560 670
560 948
561 121
561 515
561 614
561 851
562 139
562 372
562 675
562 697
563 34
563 242
563 570
563 810
564 61
564 222
564 326
564 540
565 114
565 563
565 798
565 966
566 93
566 793
566 794
566 967
567 161
567 310
567 384
567 617
568 445
568 651
568 775
568 875
569 212
569 567
569 797
569 863
570 275
570 551
570 660
570 912
571 329
571 435
571 530
571 778
572 67
572 98
572 368
572 933
573 154
573 267
573 675
573 851
574 264
574 440
574 460
574 708
575 61
575 155
575 459
575 894
576 444
576 463
576 717
576 859
577 187
577 410
577 518
577 664
578 167
578 462
578 840
578 883
579 6
579 43
579 541
579 970
580 387
580 578
580 600
580 719
581 330
581 397
581 568
581 780
582 15
582 239
582 483
582 933
583 10
583 13
583 518
583 973
584 64
584 199
584 374
584 961
585 33
585 208
585 448
585 929
586 270
586 458
586 744
586 895
587 96
587 120
587 470
587 653
588 180
588 314
588 387
588 535
589 159
589 389
589 741
589 772
590 87
590 633
590 744
590 775
591 734
591 822
591 868
591 901
592 78
592 227
592 569
592 986
593 200
593 345
593 347
593 490
594 486
594 534
594 538
594 922
595 378
595 520
595 687
595 963
596 196
596 222
596 590
596 884
597 238
597 275
597 665
597 989
598 424
598 562
598 930
598 935
599 120
599 131
599 222
599 967
600 319
600 885
600 949
600 972
601 112
601 244
601 603
601 779
602 64
602 205
602 559
602 707
603 51
603 397
603 808
603 833
604 70
604 505
604 882
604 969
605 240
605 427
605 575
605 875
606 111
606 551
606 961
606 964
607 265
607 362
607 634
607 881
608 332
608 653
608 820
608 930
609 75
609 467
609 811
609 925
610 37
610 738
610 793
610 863
611 94
611 469
611 564
611 902
612 414
612 505
612 547
612 740
613 19
613 355
613 415
613 971
614 52
614 381
614 728
614 800
615 166
615 623
615 674
615 763
616 269
616 379
616 387
616 869
617 149
617 171
617 177
617 637
618 59
618 572
618 774
618 874
619 48
619 304
619 493
619 622
620 483
620 625
620 874
620 902
621 183
621 691
621 929
621 999
622 102
622 616
622 816
622 965
623 213
623 270
623 609
623 821
624 293
624 595
624 888
624 978
625 437
625 667
625 960
625 962
626 75
626 415
626 654
626 711
627 14
627 350
627 638
627 765
628 140
628 379
628 424
628 876
629 57
629 75
629 600
629 885
630 224
630 236
630 362
630 559
631 427
631 519
631 529
631 699
632 790
632 845
632 867
632 956
633 112
633 194
633 933
633 975
634 114
634 465
634 624
634 972
635 588
635 713
635 918
635 928
636 184
636 674
636 683
636 819
637 31
637 404
637 476
637 599
638 42
638 132
638 716
638 841
639 353
639 690
639 796
639 948
640 42
640 128
640 340
640 981
641 183
641 344
641 488
641 802
642 39
642 42
642 326
642 366
643 62
643 81
643 806
643 845
644 66
644 352
644 463
644 813
645 83
645 281
645 310
645 681
646 346
646 355
646 587
646 976
647 181
647 723
647 784
647 923
648 63
648 348
648 496
648 820
649 11
649 39
649 853
649 997
650 208
650 297
650 628
650 948
651 119
651 359
651 771
651 779
652 64
652 606
652 678
652 808
653 212
653 548
653 631
653 706
654 675
654 712
654 963
654 985
655 280
655 370
655 812
655 936
656 486
656 499
656 742
656 936
657 158
657 379
657 750
657 950
658 5
658 75
658 774
658 918
659 126
659 441
659 585
659 601
660 59
660 210
660 351
660 508
661 90
661 128
661 372
661 636
662 377
662 698
662 812
662 835
663 26
663 192
663 437
663 439
664 152
664 265
664 817
664 826
665 284
665 839
665 942
665 964
666 139
666 210
666 663
666 807
667 99
667 360
667 606
667 685
668 90
668 342
668 512
668 738
669 175
669 666
669 767
669 940
670 206
670 689
670 905
670 968
671 32
671 435
671 437
671 960
672 73
672 305
672 814
672 994
673 69
673 232
673 457
673 532
674 669
674 716
674 788
674 907
675 3
675 208
675 584
675 638
676 198
676 414
676 560
676 841
677 641
677 775
677 866
677 897
678 246
678 334
678 425
678 927
679 254
679 296
679 763
679 867
680 144
680 208
680 460
680 761
681 382
681 608
681 724
681 733
682 369
682 396
682 902
682 984
683 414
683 534
683 543
683 866
684 131
684 304
684 723
684 835
685 283
685 327
685 377
685 661
686 85
686 282
686 294
686 457
687 213
687 227
687 235
687 792
688 398
688 417
688 580
688 987
689 61
689 67
689 189
689 541
690 105
690 370
690 823
690 879
691 243
691 535
691 581
691 862
692 201
692 293
692 396
692 755
693 21
693 228
693 785
693 936
694 9
694 394
694 408
694 466
695 24
695 448
695 562
695 849
696 366
696 367
696 390
696 939
697 35
697 211
697 370
697 951
698 146
698 780
698 839
698 961
699 112
699 482
699 647
699 874
700 109
700 361
700 428
700 640
701 411
701 498
701 924
701 974
702 60
702 789
702 861
702 888
703 257
703 640
703 918
703 953
704 3
704 260
704 515
704 786
705 314
705 373
705 624
705 665
706 118
706 400
706 443
706 460
707 599
707 618
707 860
707 966
708 144
708 160
708 491
708 786
709 138
709 257
709 434
709 485
710 430
710 566
710 672
710 715
711 374
711 479
711 719
711 771
712 134
712 405
712 462
712 857
713 23
713 344
713 428
713 649
714 239
714 454
714 884
714 919
715 26
715 161
715 463
715 479
716 81
716 107
716 512
716 662
717 65
717 521
717 586
717 963
718 8
718 352
718 432
718 841
719 8
719 414
719 849
719 921
720 64
720 196
720 522
720 755
721 269
721 427
721 534
721 687
722 40
722 445
722 741
722 992
723 17
723 168
723 169
723 682
724 10
724 46
724 215
724 278
725 497
725 512
725 564
725 928
726 278
726 315
726 577
726 852
727 58
727 420
727 633
727 785
728 90
728 466
728 652
728 906
729 71
729 397
729 613
729 884
730 390
730 563
730 660
730 719
731 292
731 592
731 817
731 872
732 71
732 263
732 652
732 870
733 138
733 431
733 933
733 936
734 32
734 550
734 686
734 779
735 333
735 626
735 629
735 705
736 78
736 453
736 769
736 918
737 47
737 152
737 369
737 744
738 179
738 265
738 835
738 848
739 160
739 302
739 664
739 787
740 361
740 515
740 736
740 817
741 33
741 534
741 723
741 966
742 217
742 248
742 253
742 882
743 55
743 96
743 800
743 808
744 153
744 282
744 362
744 998
745 24
745 175
745 407
745 707
746 179
746 602
746 782
746 946
747 19
747 281
747 607
747 801
748 316
748 367
748 744
748 904
749 305
749 336
749 392
749 412
750 343
750 762
750 895
750 997
751 446
751 645
751 944
751 961
752 199
752 352
752 698
752 821
753 381
753 427
753 891
753 903
754 362
754 464
754 790
754 976
755 409
755 558
755 935
755 997
756 165
756 294
756 647
756 715
757 149
757 348
757 661
757 789
758 430
758 504
758 641
758 748
759 26
759 122
759 459
759 471
760 170
760 187
760 607
760 756
761 371
761 566
761 835
761 951
762 488
762 638
762 652
762 818
763 423
763 539
763 563
763 865
764 103
764 316
764 714
764 865
765 494
765 663
765 777
765 787
766 541
766 649
766 773
766 812
767 508
767 558
767 677
767 945
768 12
768 326
768 695
768 967
769 96
769 428
769 631
769 773
770 587
770 604
770 858
770 862
771 112
771 732
771 921
771 981
772 134
772 680
772 702
772 813
773 65
773 635
773 638
773 868
774 1
774 236
774 309
774 483
775 197
775 496
775 502
775 699
776 58
776 75
776 294
776 547
777 544
777 617
777 739
777 932
778 109
778 239
778 787
778 961
779 188
779 216
779 813
779 928
780 441
780 445
780 625
780 792
781 479
781 622
781 936
781 982
782 125
782 131
782 788
782 963
783 210
783 362
783 466
783 611
784 246
784 355
784 846
784 961
785 197
785 383
785 633
785 650
786 73
786 351
786 393
786 795
787 213
787 220
787 417
787 642
788 527
788 531
788 640
788 931
789 44
789 150
789 264
789 447
790 215
790 598
790 649
790 885
791 305
791 365
791 422
791 812
792 13
792 390
792 470
792 492
793 49
793 195
793 738
793 816
794 266
794 499
794 872
794 978
795 237
795 313
795 669
795 987
796 424
796 832
796 885
796 930
797 60
797 143
797 741
797 916
798 150
798 485
798 644
798 697
799 152
799 838
799 928
799 977
800 26
800 114
800 442
800 1000
801 216
801 289
801 768
801 828
802 226
802 427
802 559
802 957
803 218
803 276
803 312
803 663
804 93
804 446
804 599
804 916
805 172
805 304
805 597
805 771
806 275
806 448
806 484
806 824
807 157
807 279
807 537
807 876
808 45
808 51
808 98
808 303
809 137
809 231
809 863
809 887
810 18
810 261
810 635
810 901
811 7
811 47
811 229
811 492
812 421
812 449
812 634
812 674
813 172
813 248
813 289
813 688
814 275
814 663
814 945
814 950
815 354
815 381
815 767
815 979
816 29
816 450
816 674
816 816
817 15
817 316
817 512
817 694
818 288
818 504
818 631
818 866
819 473
819 632
819 822
819 938
820 48
820 322
820 389
820 925
821 218
821 513
821 699
821 762
822 211
822 480
822 595
822 945
823 170
823 383
823 765
823 778
824 88
824 237
824 368
824 710
825 540
825 605
825 671
825 784
826 391
826 507
826 602
826 777
827 30
827 126
827 697
827 931
828 25
828 278
828 351
828 814
829 195
829 470
829 555
829 674
830 75
830 401
830 741
830 955
831 12
831 395
831 718
831 811
832 74
832 357
832 395
832 684
833 40
833 384
833 605
833 829
834 94
834 206
834 720
834 897
835 815
835 857
835 878
835 982
836 427
836 638
836 836
836 943
837 140
837 482
837 970
837 990
838 245
838 247
838 274
838 311
839 175
839 459
839 555
839 620
840 400
840 634
840 825
840 991
841 184
841 503
841 629
841 797
842 523
842 711
842 823
842 924
843 49
843 122
843 177
843 910
844 106
844 368
844 576
844 945
845 235
845 353
845 632
845 756
846 54
846 287
846 650
846 713
847 230
847 231
847 518
847 703
848 46
848 64
848 335
848 535
849 223
849 502
849 576
849 815
850 5
850 320
850 465
850 920
851 53
851 93
851 376
851 550
852 104
852 170
852 659
852 759
853 20
853 350
853 534
853 652
854 54
854 166
854 563
854 959
855 86
855 136
855 142
855 820
856 2
856 436
856 639
856 842
857 154
857 858
857 897
857 965
858 125
858 157
858 400
858 713
859 7
859 325
859 420
859 702
860 475
860 683
860 705
860 706
861 181
861 194
861 250
861 471
862 399
862 543
862 698
862 877
863 667
863 701
863 744
863 928
864 386
864 570
864 619
864 646
865 539
865 596
865 676
865 872
866 571
866 572
866 593
866 936
867 171
867 223
867 565
867 746
868 304
868 483
868 693
868 886
869 231
869 436
869 892
869 926
870 151
870 589
870 793
870 982
871 81
871 538
871 677
871 740
872 66
872 79
872 284
872 812
873 41
873 413
873 577
873 973
874 739
874 744
874 821
874 939
875 7
875 283
875 774
875 810
876 12
876 610
876 926
876 936
877 44
877 559
877 583
877 888
878 190
878 690
878 697
878 832
879 5
879 462
879 649
879 743
880 164
880 280
880 412
880 800
881 94
881 145
881 558
881 655
882 104
882 269
882 503
882 658
883 57
883 59
883 463
883 675
884 217
884 279
884 621
884 738
885 100
885 827
885 870
885 935
886 120
886 255
886 304
886 925
887 106
887 219
887 565
887 569
888 308
888 343
888 363
888 953
889 69
889 349
889 827
889 947
890 329
890 407
890 482
890 650
891 44
891 162
891 200
891 673
892 208
892 305
892 466
892 600
893 82
893 158
893 329
893 507
894 480
894 558
894 809
894 894
895 48
895 833
895 898
895 960
896 102
896 651
896 653
896 702
897 399
897 450
897 770
897 779
898 436
898 469
898 683
898 696
899 8
899 114
899 370
899 605
900 99
900 376
900 645
900 730
901 160
901 367
901 531
901 899
902 374
902 397
902 574
902 811
903 171
903 383
903 791
903 941
904 105
904 497
904 521
904 914
905 266
905 541
905 683
905 855
906 302
906 327
906 391
906 424
907 91
907 422
907 785
907 884
908 15
908 66
908 216
908 423
909 214
909 509
909 757
909 830
910 263
910 409
910 592
910 893
911 175
911 381
911 527
911 948
912 255
912 417
912 500
912 962
913 27
913 71
913 710
913 825
914 36
914 509
914 787
914 942
915 216
915 239
915 378
915 382
916 402
916 419
916 652
916 768
917 136
917 322
917 521
917 797
918 407
918 463
918 654
918 844
919 401
919 463
919 489
919 863
920 280
920 289
920 887
920 936
921 185
921 444
921 697
921 706
922 37
922 343
922 363
922 708
923 306
923 467
923 731
923 983
924 470
924 550
924 827
924 922
925 324
925 328
925 631
925 891
926 177
926 282
926 584
926 886
927 346
927 546
927 730
927 825
928 196
928 271
928 686
928 897
929 484
929 525
929 675
929 761
930 212
930 376
930 638
930 714
931 53
931 478
931 505
931 737
932 188
932 243
932 624
932 857
933 18
933 238
933 624
933 946
934 414
934 611
934 679
934 862
935 155
935 287
935 303
935 350
936 134
936 210
936 842
936 866
937 48
937 81
937 403
937 616
938 71
938 333
938 370
938 504
939 202
939 479
939 646
939 913
940 294
940 750
940 876
940 947
941 52
941 56
941 133
941 769
942 522
942 572
942 715
942 998
943 3
943 443
943 506
943 880
944 47
944 270
944 369
944 840
945 82
945 533
945 666
945 980
946 112
946 160
946 560
946 813
947 227
947 443
947 461
947 688
948 574
948 629
948 667
948 680
949 8
949 130
949 386
949 630
950 31
950 223
950 480
950 792
951 95
951 130
951 514
951 772
952 196
952 438
952 640
952 969
953 77
953 105
953 504
953 673
954 417
954 560
954 825
954 933
955 38
955 205
955 464
955 607
956 145
956 246
956 477
956 864
957 31
957 604
957 880
957 885
958 112
958 197
958 621
958 716
959 217
959 662
959 899
959 911
960 35
960 418
960 434
960 638
961 394
961 405
961 428
961 996
962 202
962 471
962 589
962 985
963 171
963 225
963 790
963 858
964 388
964 402
964 590
964 885
965 151
965 169
965 317
965 428
966 157
966 247
966 421
966 557
967 31
967 576
967 880
967 969
968 157
968 398
968 511
968 659
969 122
969 590
969 616
969 618
970 242
970 422
970 488
970 946
971 265
971 419
971 479
971 649
972 270
972 292
972 468
972 735
973 321
973 402
973 617
973 623
974 27
974 61
974 381
974 577
975 29
975 156
975 919
975 942
976 157
976 260
976 336
976 864
977 276
977 644
977 645
977 930
978 413
978 542
978 676
978 960
979 197
979 283
979 504
979 874
980 98
980 130
980 212
980 676
981 148
981 352
981 657
981 702
982 191
982 380
982 592
982 636
983 121
983 482
983 759
983 834
984 197
984 259
984 312
984 343
985 445
985 564
985 649
985 938
986 18
986 81
986 92
986 939
987 69
987 599
987 901
987 990
988 520
988 563
988 597
988 865
989 81
989 737
989 850
989 864
990 86
990 276
990 437
990 992
991 43
991 145
991 502
991 906
992 719
992 732
992 835
992 947
993 115
993 366
993 602
993 936
994 317
994 492
994 511
994 921
995 448
995 475
995 757
995 829
996 65
996 525
996 643
996 703
997 481
997 723
997 747
997 872
998 59
998 211
998 725
998 943
999 160
999 214
999 244
999 953
1000 139
1000 196
1000 232
1000 494
