# The woods are lovely, dark and deep
# But I have promises to keep
# Size: 1000 And miles to go before I sleep
# And miles to go before I sleep
1 301
1 543
1 823
1 937
2 457
2 529
2 701
2 711
3 244
3 385
3 711
3 846
4 503
4 571
4 655
4 816
5 4
5 29
5 454
5 1000
6 298
6 326
6 574
6 691
7 120
7 451
7 516
7 973
8 122
8 307
8 669
8 876
9 178
9 820
9 832
9 840
10 150
10 605
10 790
10 938
11 57
11 206
11 233
11 813
12 269
12 703
12 746
12 854
13 466
13 518
13 750
13 848
14 178
14 285
14 545
14 889
15 13
15 100
15 188
15 238
16 159
16 389
16 430
16 511
17 499
17 588
17 672
17 789
18 367
18 457
18 635
18 775
19 33
19 522
19 572
19 666
20 304
20 357
20 838
20 958
21 189
21 543
21 870
21 990
22 42
22 80
22 209
22 870
23 56
23 446
23 657
23 758
24 487
24 590
24 802
24 850
25 40
25 227
25 394
25 480
26 70
26 559
26 584
26 758
27 464
27 524
27 782
27 932
28 387
28 399
28 671
28 930
29 177
29 310
29 422
29 739
30 363
30 399
30 475
30 619
31 161
31 316
31 359
31 941
32 169
32 204
32 280
32 907
33 240
33 387
33 443
33 562
34 169
34 462
34 619
34 889
35 120
35 426
35 873
35 905
36 413
36 495
36 728
36 855
37 69
37 385
37 666
37 716
38 278
38 461
38 515
38 558
39 803
39 851
39 926
39 941
40 512
40 702
40 881
40 997
41 177
41 197
41 386
41 902
42 585
42 744
42 758
42 927
43 52
43 144
43 694
43 870
44 222
44 921
44 943
44 993
45 50
45 602
45 653
45 889
46 4
46 275
46 700
46 996
47 225
47 482
47 621
47 748
48 131
48 385
48 627
48 950
49 13
49 436
49 498
49 877
50 293
50 531
50 663
50 794
51 49
51 140
51 231
51 432
52 209
52 225
52 377
52 391
53 204
53 441
53 484
53 948
54 80
54 277
54 295
54 314
55 98
55 102
55 330
55 842
56 115
56 122
56 590
56 699
57 145
57 420
57 782
57 995
58 75
58 711
58 871
58 901
59 118
59 512
59 673
59 846
60 573
60 801
60 895
60 920
61 181
61 404
61 457
61 939
62 140
62 150
62 373
62 571
63 57
63 98
63 196
63 457
64 318
64 523
64 643
64 774
65 56
65 87
65 171
65 858
66 177
66 212
66 232
66 311
67 36
67 699
67 898
67 951
68 25
68 478
68 622
68 957
69 253
69 493
69 616
69 669
70 4
70 110
70 128
70 935
71 395
71 402
71 920
71 937
72 80
72 105
72 370
72 695
73 53
73 675
73 742
73 759
74 384
74 834
74 980
74 995
75 410
75 561
75 899
75 944
76 127
76 171
76 358
76 812
77 95
77 321
77 348
77 729
78 583
78 684
78 706
78 880
79 63
79 266
79 325
79 692
80 260
80 471
80 510
80 841
81 123
81 424
81 444
81 459
82 83
82 319
82 545
82 679
83 141
83 462
83 982
83 998
84 47
84 51
84 512
84 770
85 492
85 718
85 794
85 972
86 151
86 391
86 413
86 700
87 198
87 655
87 833
87 931
88 76
88 121
88 198
88 417
89 41
89 253
89 408
89 887
90 61
90 520
90 587
90 730
91 31
91 206
91 291
91 973
92 435
92 437
92 525
92 914
93 13
93 39
93 228
93 258
94 280
94 590
94 689
94 966
95 403
95 513
95 925
95 999
96 76
96 320
96 328
96 477
97 138
97 553
97 695
97 828
98 84
98 261
98 573
98 681
99 106
99 174
99 501
99 794
100 252
100 380
100 501
100 956
101 123
101 239
101 344
101 765
102 81
102 258
102 861
102 875
103 133
103 396
103 489
103 521
104 94
104 493
104 737
104 809
105 617
105 701
105 791
105 857
106 205
106 568
106 765
106 841
107 210
107 535
107 712
107 971
108 256
108 518
108 599
108 656
109 468
109 688
109 700
109 951
110 114
110 183
110 450
110 504
111 30
111 36
111 520
111 619
112 131
112 385
112 409
112 718
113 106
113 288
113 408
113 688
114 140
114 297
114 384
114 869
115 103
115 138
115 150
115 677
116 76
116 635
116 666
116 729
117 85
117 188
117 564
117 937
118 69
118 460
118 501
118 891
119 374
119 433
119 591
119 866
120 184
120 584
120 700
120 710
121 238
121 433
121 722
121 905
122 14
122 574
122 683
122 843
123 423
123 654
123 675
123 823
124 189
124 306
124 842
124 982
125 77
125 276
125 721
125 863
126 140
126 260
126 346
126 873
127 769
127 773
127 862
127 972
128 6
128 53
128 325
128 356
129 353
129 681
129 721
129 804
130 410
130 567
130 724
130 739
131 274
131 381
131 584
131 880
132 57
132 202
132 558
132 609
133 116
133 263
133 437
133 674
134 199
134 474
134 678
134 970
135 274
135 398
135 573
135 992
136 444
136 571
136 794
136 817
137 266
137 787
137 982
137 998
138 82
138 637
138 677
138 976
139 166
139 188
139 377
139 984
140 274
140 357
140 435
140 600
141 159
141 178
141 308
141 844
142 249
142 649
142 885
142 996
143 366
143 602
143 740
143 891
144 3
144 369
144 415
144 816
145 70
145 139
145 540
145 654
146 685
146 725
146 770
146 999
147 182
147 267
147 350
147 451
148 82
148 195
148 485
148 955
149 501
149 598
149 638
149 861
150 587
150 611
150 849
150 985
151 155
151 542
151 639
151 791
152 115
152 302
152 675
152 796
153 470
153 582
153 751
153 857
154 283
154 384
154 646
154 980
155 230
155 350
155 948
155 996
156 82
156 119
156 262
156 748
157 99
157 542
157 690
157 747
158 14
158 345
158 807
158 986
159 110
159 269
159 290
159 811
160 120
160 457
160 493
160 600
161 261
161 888
161 947
161 987
162 202
162 254
162 513
162 943
163 500
163 603
163 810
163 912
164 315
164 342
164 517
164 760
165 422
165 749
165 867
165 994
166 70
166 304
166 601
166 634
167 444
167 647
167 754
167 853
168 130
168 498
168 506
168 760
169 84
169 136
169 403
169 726
170 127
170 433
170 531
170 826
171 108
171 454
171 541
171 820
172 194
172 226
172 830
172 845
173 400
173 608
173 684
173 869
174 281
174 528
174 533
174 656
175 439
175 464
175 868
175 930
176 31
176 62
176 336
176 833
177 118
177 391
177 750
177 764
178 352
178 389
178 600
178 988
179 261
179 644
179 905
179 934
180 31
180 228
180 611
180 649
181 10
181 375
181 497
181 940
182 154
182 451
182 462
182 630
183 326
183 590
183 858
183 885
184 342
184 589
184 718
184 867
185 280
185 453
185 515
185 703
186 118
186 194
186 265
186 419
187 66
187 705
187 740
187 803
188 189
188 287
188 723
188 808
189 321
189 337
189 488
189 512
190 22
190 435
190 572
190 703
191 170
191 394
191 698
191 819
192 11
192 103
192 185
192 514
193 167
193 203
193 728
193 978
194 219
194 224
194 917
194 974
195 317
195 365
195 494
195 504
196 220
196 795
196 912
196 917
197 213
197 610
197 647
197 907
198 94
198 113
198 199
198 579
199 362
199 533
199 626
199 862
200 229
200 388
200 681
200 905
201 215
201 526
201 939
201 991
202 549
202 750
202 809
202 904
203 49
203 323
203 413
203 915
204 253
204 340
204 824
204 843
205 81
205 295
205 700
205 892
206 194
206 294
206 666
206 682
207 161
207 612
207 737
207 912
208 227
208 647
208 722
208 765
209 669
209 751
209 843
209 937
210 133
210 349
210 707
210 817
211 64
211 128
211 236
211 666
212 308
212 316
212 780
212 928
213 245
213 377
213 470
213 963
214 52
214 640
214 753
214 798
215 158
215 177
215 641
215 949
216 232
216 438
216 643
216 893
217 165
217 498
217 766
217 904
218 209
218 316
218 531
218 947
219 365
219 532
219 573
219 623
220 221
220 497
220 694
220 778
221 67
221 105
221 462
221 541
222 221
222 299
222 400
222 748
223 142
223 161
223 547
223 666
224 165
224 172
224 271
224 275
225 48
225 317
225 628
225 965
226 365
226 535
226 697
226 792
227 100
227 205
227 289
227 715
228 62
228 314
228 414
228 448
229 11
229 409
229 468
229 707
230 234
230 398
230 660
230 940
231 363
231 438
231 516
231 801
232 117
232 288
232 357
232 916
233 5
233 521
233 702
233 872
234 228
234 707
234 716
234 813
235 153
235 161
235 656
235 991
236 137
236 253
236 278
236 324
237 270
237 411
237 439
237 621
238 228
238 233
238 250
238 683
239 33
239 66
239 686
239 872
240 400
240 434
240 827
240 994
241 451
241 704
241 745
241 848
242 404
242 544
242 599
242 909
243 93
243 297
243 357
243 407
244 209
244 435
244 703
244 836
245 227
245 348
245 672
245 758
246 43
246 89
246 221
246 549
247 539
247 694
247 746
247 964
248 106
248 339
248 619
248 961
249 3
249 11
249 392
249 793
250 142
250 347
250 557
250 635
251 586
251 720
251 809
251 887
252 48
252 582
252 764
252 874
253 231
253 364
253 534
253 546
254 113
254 197
254 376
254 508
255 9
255 234
255 375
255 982
256 590
256 662
256 863
256 975
257 56
257 305
257 495
257 617
258 77
258 365
258 500
258 559
259 305
259 368
259 448
259 946
260 126
260 278
260 554
260 974
261 81
261 217
261 617
261 859
262 113
262 207
262 760
262 1000
263 143
263 340
263 396
263 553
264 253
264 390
264 392
264 761
265 14
265 501
265 643
265 956
266 71
266 105
266 126
266 818
267 299
267 572
267 835
267 989
268 107
268 191
268 524
268 796
269 330
269 530
269 804
269 816
270 11
270 107
270 513
270 822
271 175
271 467
271 779
271 840
272 50
272 196
272 232
272 391
273 190
273 508
273 593
273 718
274 108
274 307
274 428
274 562
275 496
275 525
275 751
275 895
276 99
276 355
276 462
276 519
277 408
277 800
277 942
277 944
278 376
278 735
278 755
278 914
279 98
279 501
279 589
279 887
280 459
280 622
280 758
280 939
281 24
281 470
281 688
281 1000
282 31
282 291
282 571
282 896
283 80
283 416
283 445
283 472
284 272
284 421
284 735
284 752
285 205
285 562
285 686
285 701
286 450
286 454
286 754
286 914
287 201
287 272
287 444
287 744
288 33
288 39
288 528
288 928
289 215
289 220
289 240
289 921
290 128
290 379
290 621
290 788
291 118
291 555
291 570
291 769
292 79
292 195
292 247
292 379
293 220
293 419
293 736
293 934
294 130
294 163
294 182
294 886
295 264
295 648
295 911
295 960
296 50
296 433
296 703
296 1000
297 115
297 216
297 384
297 849
298 181
298 466
298 481
298 761
299 33
299 269
299 644
299 783
300 307
300 484
300 604
300 933
301 167
301 519
301 606
301 920
302 185
302 879
302 889
302 988
303 43
303 367
303 880
303 896
304 223
304 649
304 666
304 747
305 1
305 9
305 624
305 893
306 115
306 198
306 365
306 646
307 258
307 268
307 836
307 890
308 150
308 591
308 797
308 909
309 123
309 162
309 338
309 801
310 480
310 670
310 745
310 975
311 236
311 644
311 822
311 879
312 143
312 536
312 546
312 673
313 371
313 535
313 871
313 894
314 203
314 745
314 748
314 944
315 74
315 128
315 329
315 578
316 11
316 100
316 286
316 865
317 287
317 317
317 777
317 857
318 322
318 845
318 932
318 979
319 170
319 172
319 390
319 695
320 154
320 247
320 780
320 953
321 138
321 249
321 561
321 687
322 48
322 57
322 656
322 808
323 53
323 69
323 242
323 736
324 79
324 383
324 662
324 747
325 167
325 245
325 252
325 824
326 98
326 387
326 789
326 953
327 169
327 208
327 342
327 690
328 174
328 252
328 309
328 644
329 313
329 334
329 757
329 951
330 66
330 204
330 742
330 986
331 31
331 350
331 569
331 589
332 126
332 201
332 499
332 816
333 264
333 439
333 489
333 652
334 85
334 529
334 744
334 877
335 194
335 428
335 775
335 893
336 208
336 378
336 608
336 684
337 13
337 278
337 583
337 947
338 8
338 596
338 930
338 982
339 230
339 466
339 523
339 930
340 329
340 667
340 819
340 842
341 367
341 645
341 877
341 912
342 10
342 28
342 187
342 225
343 673
343 732
343 811
343 885
344 232
344 641
344 925
344 969
345 280
345 493
345 564
345 711
346 66
346 284
346 368
346 965
347 31
347 80
347 273
347 507
348 233
348 297
348 554
348 598
349 79
349 220
349 244
349 880
350 125
350 374
350 720
350 777
351 254
351 573
351 638
351 930
352 715
352 780
352 817
352 871
353 42
353 46
353 109
353 712
354 198
354 699
354 784
354 998
355 386
355 450
355 633
355 677
356 82
356 96
356 287
356 301
357 24
357 481
357 928
357 945
358 51
358 54
358 79
358 594
359 149
359 538
359 660
359 714
360 197
360 273
360 403
360 559
361 136
361 139
361 490
361 496
362 52
362 251
362 396
362 448
363 54
363 208
363 666
363 977
364 64
364 601
364 631
364 894
365 613
365 704
365 735
365 925
366 78
366 517
366 692
366 799
367 150
367 635
367 728
367 778
368 496
368 557
368 743
368 895
369 225
369 490
369 958
369 988
370 191
370 320
370 729
370 972
371 412
371 679
371 709
371 793
372 22
372 237
372 462
372 909
373 129
373 577
373 706
373 732
374 364
374 526
374 566
374 599
375 77
375 274
375 385
375 767
376 267
376 283
376 581
376 751
377 79
377 277
377 588
377 858
378 115
378 443
378 630
378 731
379 4
379 504
379 650
379 753
380 16
380 103
380 164
380 942
381 411
381 473
381 653
381 701
382 9
382 35
382 318
382 416
383 570
383 584
383 793
383 897
384 17
384 47
384 924
384 940
385 284
385 561
385 579
385 873
386 302
386 574
386 826
386 923
387 228
387 380
387 381
387 996
388 148
388 459
388 784
388 930
389 116
389 311
389 778
389 975
390 470
390 503
390 765
390 844
391 166
391 228
391 517
391 947
392 87
392 226
392 247
392 618
393 506
393 538
393 544
393 727
394 97
394 247
394 480
394 949
395 356
395 658
395 822
395 867
396 9
396 634
396 677
396 879
397 182
397 229
397 687
397 784
398 339
398 494
398 569
398 698
399 1
399 213
399 706
399 846
400 25
400 363
400 434
400 637
401 613
401 641
401 702
401 984
402 512
402 600
402 667
402 675
403 39
403 398
403 635
403 973
404 303
404 317
404 340
404 397
405 122
405 220
405 289
405 712
406 56
406 119
406 298
406 721
407 201
407 330
407 466
407 838
408 177
408 439
408 508
408 663
409 179
409 341
409 397
409 794
410 20
410 413
410 784
410 867
411 186
411 401
411 476
411 695
412 441
412 545
412 669
412 969
413 133
413 853
413 923
413 980
414 114
414 202
414 485
414 994
415 466
415 756
415 769
415 980
416 126
416 208
416 389
416 832
417 119
417 310
417 794
417 901
418 9
418 657
418 842
418 874
419 47
419 600
419 804
419 893
420 41
420 318
420 706
420 988
421 19
421 325
421 338
421 897
422 383
422 498
422 574
422 938
423 103
423 575
423 659
423 919
424 334
424 461
424 833
424 978
425 74
425 331
425 599
425 690
426 18
426 227
426 239
426 909
427 114
427 292
427 364
427 791
428 599
428 636
428 812
428 992
429 272
429 356
429 764
429 899
430 189
430 497
430 579
430 962
431 193
431 254
431 402
431 445
432 141
432 411
432 908
432 920
433 26
433 210
433 352
433 637
434 95
434 256
434 662
434 777
435 55
435 57
435 685
435 929
436 537
436 555
436 742
436 763
437 157
437 238
437 349
437 864
438 458
438 731
438 853
438 966
439 229
439 332
439 346
439 730
440 68
440 129
440 291
440 343
441 35
441 273
441 877
441 986
442 197
442 321
442 418
442 883
443 214
443 241
443 405
443 551
444 361
444 667
444 682
444 770
445 159
445 578
445 604
445 869
446 80
446 372
446 704
446 884
447 89
447 162
447 465
447 988
448 115
448 261
448 611
448 990
449 84
449 830
449 900
449 952
450 203
450 598
450 771
450 813
451 29
451 95
451 324
451 860
452 319
452 633
452 788
452 789
453 158
453 416
453 581
453 928
454 453
454 519
454 754
454 875
455 16
455 73
455 435
455 830
456 40
456 159
456 344
456 635
457 241
457 291
457 374
457 728
458 47
458 184
458 504
458 570
459 76
459 136
459 272
459 863
460 64
460 818
460 963
460 972
461 268
461 445
461 572
461 810
462 193
462 551
462 584
462 888
463 870
463 922
463 952
463 962
464 12
464 357
464 719
464 927
465 276
465 433
465 675
465 816
466 106
466 412
466 596
466 930
467 443
467 591
467 739
467 759
468 86
468 132
468 349
468 415
469 388
469 451
469 538
469 894
470 421
470 528
470 540
470 734
471 82
471 98
471 429
471 553
472 113
472 173
472 398
472 643
473 339
473 643
473 854
473 996
474 435
474 617
474 834
474 898
475 60
475 93
475 306
475 375
476 474
476 626
476 802
476 888
477 57
477 494
477 527
477 568
478 424
478 714
478 803
478 944
479 343
479 501
479 859
479 871
480 315
480 320
480 647
480 853
481 50
481 529
481 841
481 869
482 512
482 638
482 889
482 986
483 14
483 102
483 895
483 1000
484 82
484 363
484 705
484 730
485 272
485 296
485 585
485 892
486 115
486 288
486 408
486 516
487 129
487 428
487 581
487 716
488 65
488 101
488 253
488 739
489 129
489 158
489 346
489 709
490 194
490 271
490 482
490 837
491 30
491 215
491 310
491 909
492 92
492 468
492 883
492 918
493 247
493 406
493 462
493 593
494 35
494 469
494 546
494 704
495 326
495 458
495 674
495 904
496 205
496 385
496 629
496 911
497 722
497 829
497 897
497 918
498 111
498 158
498 454
498 863
499 131
499 502
499 503
499 897
500 291
500 475
500 647
500 660
501 76
501 167
501 317
501 891
502 77
502 460
502 639
502 944
503 36
503 110
503 636
503 670
504 74
504 183
504 196
504 960
505 22
505 448
505 794
505 867
506 401
506 729
506 896
506 953
507 413
507 839
507 897
507 918
508 37
508 46
508 280
508 738
509 3
509 506
509 917
509 996
510 129
510 292
510 456
510 516
511 57
511 122
511 463
511 640
512 151
512 438
512 666
512 741
513 172
513 653
513 946
513 998
514 62
514 96
514 709
514 779
515 158
515 286
515 380
515 749
516 18
516 144
516 426
516 483
517 318
517 747
517 883
517 943
518 23
518 324
518 382
518 495
519 466
519 632
519 771
519 972
520 209
520 284
520 467
520 620
521 276
521 582
521 912
521 987
522 411
522 724
522 769
522 815
523 268
523 357
523 645
523 815
524 240
524 366
524 384
524 883
525 421
525 513
525 649
525 755
526 5
526 210
526 479
526 755
527 648
527 719
527 865
527 966
528 141
528 308
528 379
528 559
529 76
529 426
529 685
529 992
530 169
530 332
530 587
530 697
531 373
531 381
531 386
531 776
532 307
532 554
532 792
532 848
533 285
533 424
533 451
533 944
534 404
534 620
534 867
534 891
535 60
535 264
535 291
535 836
536 172
536 275
536 757
536 947
537 210
537 241
537 524
537 763
538 367
538 573
538 701
538 867
539 249
539 321
539 807
539 924
540 306
540 606
540 675
540 893
541 32
541 37
541 636
541 743
542 80
542 660
542 719
542 893
543 191
543 243
543 543
543 641
544 133
544 562
544 760
544 816
545 464
545 795
545 942
545 995
546 56
546 227
546 454
546 918
547 35
547 493
547 843
547 849
548 270
548 436
548 911
548 974
549 295
549 340
549 449
549 827
550 14
550 456
550 754
550 886
551 148
551 432
551 587
551 607
552 6
552 399
552 476
552 619
553 112
553 166
553 200
553 545
554 127
554 777
554 857
554 903
555 847
555 918
555 954
555 996
556 153
556 323
556 657
556 818
557 316
557 317
557 376
557 974
558 24
558 209
558 419
558 487
559 337
559 400
559 572
559 667
560 139
560 350
560 408
560 958
561 45
561 306
561 525
561 584
562 824
562 837
562 865
562 968
563 320
563 652
563 896
563 926
564 125
564 232
564 702
564 950
565 183
565 505
565 893
565 932
566 128
566 230
566 232
566 568
567 172
567 379
567 551
567 592
568 21
568 278
568 382
568 548
569 53
569 557
569 689
569 856
570 94
570 376
570 666
570 671
571 221
571 840
571 846
571 863
572 16
572 523
572 776
572 867
573 19
573 29
573 327
573 399
574 477
574 503
574 527
574 702
575 265
575 282
575 722
575 833
576 233
576 536
576 952
576 955
577 76
577 446
577 785
577 836
578 211
578 304
578 424
578 875
579 287
579 460
579 695
579 811
580 21
580 107
580 373
580 972
581 216
581 252
581 415
581 641
582 91
582 602
582 633
582 830
583 358
583 736
583 916
583 972
584 2
584 210
584 286
584 556
585 373
585 479
585 700
585 991
586 307
586 345
586 583
586 837
587 72
587 681
587 774
587 875
588 91
588 366
588 722
588 953
589 500
589 650
589 837
589 926
590 359
590 678
590 876
590 897
591 19
591 239
591 301
591 356
592 59
592 169
592 462
592 766
593 323
593 446
593 938
593 950
594 48
594 176
594 596
594 880
595 50
595 274
595 401
595 586
596 162
596 303
596 563
596 994
597 64
597 434
597 846
597 864
598 362
598 363
598 406
598 941
599 154
599 902
599 947
599 988
600 626
600 639
600 880
600 969
601 67
601 786
601 805
601 976
602 218
602 402
602 853
602 924
603 96
603 199
603 594
603 898
604 308
604 634
604 756
604 950
605 229
605 614
605 916
605 961
606 30
606 319
606 440
606 587
607 54
607 86
607 198
607 240
608 48
608 301
608 515
608 647
609 152
609 517
609 526
609 534
610 113
610 222
610 229
610 727
611 429
611 688
611 727
611 737
612 360
612 688
612 834
612 964
613 90
613 202
613 675
613 820
614 24
614 53
614 180
614 986
615 448
615 554
615 684
615 707
616 24
616 488
616 514
616 597
617 247
617 358
617 657
617 869
618 750
618 771
618 808
618 879
619 104
619 244
619 364
619 913
620 84
620 117
620 133
620 995
621 13
621 169
621 500
621 573
622 51
622 213
622 434
622 847
623 114
623 239
623 478
623 980
624 319
624 618
624 913
624 920
625 243
625 383
625 406
625 415
626 206
626 629
626 923
626 956
627 147
627 674
627 700
627 770
628 111
628 561
628 628
628 990
629 525
629 716
629 897
629 964
630 389
630 461
630 462
630 842
631 18
631 557
631 768
631 866
632 118
632 645
632 679
632 861
633 43
633 669
633 796
633 845
634 235
634 291
634 492
634 965
635 60
635 69
635 495
635 840
636 321
636 400
636 448
636 819
637 234
637 302
637 435
637 585
638 166
638 311
638 419
638 752
639 53
639 128
639 288
639 555
640 104
640 313
640 391
640 561
641 181
641 469
641 643
641 956
642 105
642 457
642 798
642 977
643 302
643 377
643 676
643 842
644 140
644 172
644 304
644 587
645 249
645 460
645 600
645 645
646 318
646 324
646 337
646 983
647 41
647 531
647 744
647 915
648 62
648 370
648 377
648 465
649 273
649 325
649 349
649 543
650 98
650 188
650 201
650 432
651 154
651 383
651 509
651 868
652 384
652 706
652 810
652 952
653 240
653 511
653 880
653 997
654 81
654 114
654 912
654 936
655 491
655 500
655 745
655 946
656 90
656 274
656 544
656 575
657 135
657 301
657 548
657 827
658 87
658 145
658 435
658 698
659 498
659 611
659 616
659 937
660 71
660 418
660 579
660 688
661 244
661 496
661 660
661 757
662 161
662 247
662 732
662 930
663 381
663 504
663 713
663 801
664 511
664 763
664 821
664 921
665 163
665 415
665 472
665 923
666 439
666 752
666 758
666 988
667 391
667 452
667 488
667 669
668 542
668 653
668 915
668 973
669 35
669 323
669 414
669 416
670 389
670 470
670 523
670 861
671 39
671 249
671 572
671 796
672 74
672 133
672 271
672 301
673 458
673 534
673 612
673 628
674 153
674 734
674 922
674 929
675 51
675 534
675 790
675 991
676 97
676 172
676 556
676 861
677 84
677 261
677 332
677 764
678 15
678 308
678 391
678 833
679 253
679 319
679 320
679 573
680 354
680 584
680 847
680 885
681 177
681 277
681 828
681 881
682 10
682 41
682 140
682 196
683 19
683 449
683 481
683 573
684 470
684 686
684 738
684 875
685 6
685 231
685 247
685 492
686 39
686 202
686 889
686 932
687 254
687 305
687 594
687 907
688 282
688 310
688 533
688 974
689 102
689 320
689 326
689 522
690 346
690 680
690 819
690 844
691 450
691 498
691 603
691 722
692 368
692 474
692 762
692 816
693 130
693 203
693 433
693 553
694 95
694 296
694 681
694 720
695 38
695 85
695 132
695 385
696 59
696 117
696 676
696 757
697 545
697 754
697 763
697 939
698 316
698 712
698 826
698 874
699 293
699 304
699 479
699 593
700 495
700 649
700 724
700 921
701 60
701 564
701 668
701 988
702 129
702 224
702 659
702 666
703 7
703 121
703 123
703 365
704 105
704 458
704 647
704 923
705 70
705 378
705 461
705 523
706 267
706 419
706 568
706 930
707 77
707 683
707 861
707 914
708 208
708 436
708 640
708 728
709 161
709 196
709 716
709 864
710 38
710 262
710 877
710 976
711 57
711 223
711 421
711 836
712 71
712 135
712 320
712 993
713 375
713 628
713 671
713 836
714 416
714 863
714 902
714 952
715 245
715 445
715 482
715 923
716 271
716 471
716 671
716 962
717 141
717 530
717 693
717 723
718 66
718 368
718 668
718 718
719 193
719 195
719 267
719 836
720 43
720 48
720 609
720 825
721 3
721 119
721 216
721 537
722 169
722 475
722 894
722 984
723 15
723 93
723 271
723 592
724 3
724 320
724 549
724 643
725 350
725 361
725 457
725 972
726 199
726 397
726 667
726 698
727 188
727 425
727 517
727 847
728 237
728 250
728 518
728 963
729 207
729 349
729 360
729 833
730 368
730 433
730 639
730 932
731 343
731 394
731 710
731 859
732 579
732 736
732 840
732 967
733 411
733 510
733 597
733 949
734 307
734 672
734 700
734 993
735 258
735 572
735 620
735 994
736 502
736 545
736 572
736 678
737 219
737 775
737 867
737 943
738 10
738 71
738 433
738 940
739 332
739 463
739 532
739 558
740 145
740 464
740 555
740 838
741 4
741 287
741 540
741 678
742 358
742 487
742 780
742 867
743 339
743 430
743 623
743 717
744 2
744 434
744 577
744 770
745 77
745 270
745 396
745 650
746 225
746 250
746 487
746 810
747 22
747 214
747 273
747 429
748 102
748 390
748 601
748 847
749 304
749 318
749 916
749 918
750 7
750 107
750 140
750 355
751 186
751 264
751 269
751 472
752 79
752 312
752 408
752 638
753 207
753 387
753 732
753 930
754 105
754 288
754 302
754 903
755 2
755 271
755 570
755 980
756 156
756 316
756 342
756 696
757 59
757 73
757 99
757 546
758 65
758 599
758 613
758 808
759 3
759 148
759 762
759 855
760 227
760 280
760 523
760 548
761 540
761 567
761 699
761 953
762 94
762 128
762 822
762 991
763 303
763 696
763 833
763 879
764 34
764 183
764 479
764 674
765 182
765 265
765 281
765 586
766 60
766 441
766 634
766 735
767 171
767 224
767 483
767 609
768 101
768 218
768 654
768 869
769 3
769 66
769 172
769 329
770 25
770 213
770 696
770 724
771 30
771 79
771 651
771 812
772 246
772 438
772 506
772 833
773 142
773 285
773 620
773 773
774 277
774 473
774 575
774 647
775 437
775 456
775 747
775 871
776 76
776 392
776 940
776 948
777 274
777 544
777 634
777 751
778 64
778 229
778 293
778 551
779 61
779 83
779 141
779 524
780 565
780 621
780 738
780 842
781 140
781 163
781 334
781 418
782 143
782 271
782 339
782 987
783 185
783 625
783 835
783 837
784 71
784 248
784 262
784 992
785 24
785 785
785 902
785 989
786 74
786 525
786 771
786 943
787 155
787 297
787 620
787 727
788 467
788 602
788 690
788 870
789 474
789 561
789 711
789 948
790 320
790 379
790 436
790 581
791 206
791 222
791 314
791 641
792 27
792 329
792 486
792 994
793 177
793 865
793 954
793 978
794 254
794 277
794 449
794 852
795 7
795 127
795 453
795 582
796 14
796 255
796 625
796 754
797 21
797 401
797 686
797 879
798 273
798 520
798 942
798 984
799 200
799 230
799 239
799 822
800 87
800 116
800 347
800 639
801 641
801 664
801 716
801 936
802 199
802 284
802 290
802 548
803 218
803 565
803 729
803 753
804 162
804 522
804 635
804 887
805 174
805 287
805 887
805 932
806 433
806 437
806 737
806 796
807 759
807 877
807 922
807 944
808 417
808 891
808 917
808 943
809 312
809 361
809 640
809 873
810 107
810 384
810 436
810 666
811 50
811 407
811 632
811 831
812 511
812 539
812 606
812 698
813 217
813 469
813 757
813 913
814 262
814 333
814 440
814 750
815 106
815 237
815 735
815 851
816 267
816 312
816 575
816 760
817 265
817 859
817 924
817 979
818 246
818 377
818 624
818 937
819 48
819 376
819 439
819 963
820 59
820 252
820 449
820 991
821 112
821 554
821 577
821 687
822 39
822 104
822 709
822 715
823 176
823 280
823 526
823 899
824 477
824 785
824 823
824 976
825 2
825 101
825 294
825 611
826 148
826 200
826 725
826 817
827 169
827 217
827 311
827 462
828 233
828 331
828 803
828 843
829 288
829 588
829 645
829 716
830 78
830 530
830 604
830 776
831 351
831 705
831 811
831 855
832 85
832 86
832 306
832 982
833 76
833 463
833 487
833 846
834 85
834 231
834 887
834 904
835 137
835 746
835 874
835 958
836 421
836 786
836 815
836 989
837 13
837 38
837 443
837 631
838 27
838 513
838 601
838 989
839 576
839 631
839 711
839 795
840 27
840 735
840 935
840 957
841 42
841 210
841 407
841 655
842 145
842 214
842 610
842 893
843 9
843 450
843 634
843 715
844 150
844 613
844 812
844 895
845 113
845 188
845 707
845 849
846 371
846 545
846 797
846 859
847 377
847 860
847 885
847 898
848 306
848 323
848 360
848 748
849 336
849 628
849 814
849 970
850 102
850 252
850 454
850 893
851 469
851 554
851 626
851 894
852 122
852 417
852 609
852 841
853 305
853 500
853 951
853 962
854 95
854 351
854 684
854 717
855 398
855 561
855 723
855 774
856 117
856 595
856 717
856 720
857 198
857 433
857 484
857 788
858 211
858 472
858 497
858 621
859 77
859 298
859 848
859 916
860 425
860 496
860 733
860 857
861 57
861 173
861 740
861 841
862 248
862 429
862 803
862 912
863 118
863 129
863 287
863 719
864 178
864 371
864 435
864 929
865 101
865 164
865 252
865 304
866 40
866 235
866 578
866 873
867 99
867 209
867 469
867 734
868 154
868 348
868 614
868 652
869 372
869 527
869 615
869 850
870 573
870 584
870 628
870 717
871 299
871 362
871 587
871 798
872 384
872 705
872 745
872 766
873 185
873 358
873 390
873 921
874 227
874 887
874 912
874 980
875 163
875 454
875 809
875 965
876 152
876 531
876 596
876 702
877 141
877 626
877 819
877 846
878 167
878 172
878 370
878 694
879 96
879 154
879 695
879 963
880 8
880 385
880 751
880 785
881 36
881 254
881 575
881 609
882 10
882 17
882 370
882 411
883 215
883 240
883 358
883 817
884 69
884 368
884 625
884 945
885 232
885 345
885 370
885 831
886 6
886 517
886 723
886 902
887 4
887 227
887 622
887 841
888 51
888 313
888 425
888 856
889 4
889 557
889 822
889 996
890 136
890 183
890 256
890 683
891 87
891 352
891 563
891 625
892 150
892 430
892 585
892 612
893 17
893 84
893 696
893 936
894 7
894 138
894 370
894 791
895 29
895 364
895 796
895 892
896 17
896 331
896 562
896 960
897 463
897 565
897 621
897 989
898 106
898 488
898 634
898 960
899 61
899 247
899 486
899 681
900 454
900 830
900 967
900 985
901 201
901 718
901 922
901 930
902 245
902 331
902 696
902 830
903 901
903 915
903 928
903 991
904 228
904 423
904 664
904 667
905 222
905 401
905 704
905 794
906 117
906 155
906 470
906 798
907 241
907 399
907 523
907 893
908 427
908 594
908 797
908 916
909 139
909 437
909 536
909 593
910 256
910 366
910 776
910 883
911 58
911 155
911 671
911 693
912 5
912 73
912 681
912 824
913 258
913 437
913 550
913 830
914 43
914 456
914 706
914 958
915 10
915 375
915 644
915 709
916 200
916 288
916 529
916 694
917 127
917 156
917 657
917 720
918 390
918 408
918 534
918 902
919 237
919 484
919 723
919 890
920 510
920 863
920 894
920 919
921 92
921 561
921 619
921 717
922 71
922 327
922 557
922 958
923 488
923 520
923 751
923 838
924 120
924 174
924 247
924 861
925 351
925 355
925 413
925 996
926 243
926 440
926 543
926 566
927 215
927 287
927 946
927 951
928 174
928 475
928 591
928 886
929 115
929 350
929 579
929 887
930 76
930 207
930 318
930 729
931 299
931 618
931 897
931 968
932 319
932 438
932 873
932 992
933 224
933 365
933 905
933 936
934 26
934 80
934 102
934 480
935 61
935 114
935 280
935 596
936 332
936 382
936 414
936 596
937 320
937 527
937 696
937 908
938 56
938 326
938 360
938 747
939 257
939 550
939 559
939 920
940 251
940 310
940 740
940 922
941 98
941 115
941 693
941 844
942 176
942 465
942 473
942 498
943 236
943 358
943 385
943 747
944 153
944 183
944 354
944 543
945 200
945 604
945 669
945 810
946 188
946 408
946 542
946 730
947 198
947 225
947 522
947 551
948 52
948 285
948 834
948 959
949 367
949 373
949 842
949 928
950 238
950 597
950 684
950 985
951 359
951 407
951 777
951 953
952 374
952 436
952 669
952 912
953 282
953 301
953 330
953 515
954 396
954 425
954 558
954 984
955 214
955 605
955 700
955 754
956 359
956 683
956 831
956 914
957 219
957 352
957 520
957 843
958 163
958 176
958 497
958 956
959 84
959 174
959 207
959 909
960 126
960 219
960 254
960 305
961 31
961 76
961 480
961 670
962 33
962 78
962 698
962 895
963 47
963 844
963 888
963 960
964 306
964 394
964 604
964 845
965 517
965 529
965 546
965 563
966 659
966 683
966 748
966 879
967 148
967 282
967 335
967 794
968 235
968 706
968 718
968 765
969 364
969 497
969 654
969 959
970 293
970 301
970 838
970 942
971 98
971 294
971 299
971 968
972 30
972 318
972 447
972 992
973 250
973 593
973 866
973 935
974 29
974 607
974 715
974 893
975 171
975 183
975 202
975 351
976 551
976 560
976 860
976 912
977 104
977 225
977 350
977 883
978 92
978 485
978 614
978 840
979 431
979 829
979 889
979 929
980 225
980 299
980 384
980 462
981 104
981 228
981 249
981 800
982 309
982 670
982 717
982 835
983 359
983 527
983 723
983 894
984 63
984 70
984 464
984 925
985 231
985 368
985 509
985 523
986 122
986 231
986 394
986 815
987 20
987 175
987 385
987 402
988 115
988 174
988 361
988 529
989 77
989 391
989 805
989 929
990 489
990 776
990 863
990 956
991 480
991 574
991 606
991 623
992 168
992 620
992 815
992 865
993 123
993 134
993 184
993 852
994 498
994 634
994 807
994 911
995 179
995 729
995 935
995 990
996 305
996 391
996 444
996 760
997 96
997 912
997 916
997 948
998 361
998 426
998 619
998 743
999 102
999 245
999 380
999 428
1000 50
1000 629
1000 798
1000 865
