# The woods are lovely, dark and deep
# But I have promises to keep
# Size: 1000 And miles to go before I sleep
# And miles to go before I sleep
1 103
1 282
1 359
1 963
2 400
2 618
2 844
2 903
3 512
3 803
3 836
3 887
4 66
4 75
4 85
4 321
5 174
5 541
5 713
5 902
6 809
6 827
6 987
6 991
7 369
7 609
7 647
7 879
8 145
8 272
8 367
8 942
9 107
9 292
9 342
9 764
10 2
10 346
10 351
10 404
11 185
11 345
11 663
11 932
12 149
12 583
12 600
12 640
13 35
13 611
13 863
13 889
14 127
14 139
14 160
14 561
15 358
15 675
15 805
15 881
16 13
16 76
16 89
16 862
17 458
17 520
17 792
17 959
18 643
18 803
18 961
18 996
19 140
19 298
19 338
19 964
20 279
20 373
20 567
20 869
21 226
21 343
21 478
21 722
22 220
22 318
22 750
22 791
23 415
23 660
23 859
23 902
24 86
24 147
24 255
24 552
25 208
25 391
25 832
25 916
26 95
26 495
26 716
26 774
27 84
27 269
27 279
27 929
28 149
28 352
28 501
28 675
29 208
29 501
29 568
29 957
30 175
30 321
30 724
30 734
31 398
31 548
31 565
31 938
32 21
32 74
32 154
32 994
33 205
33 266
33 621
33 890
34 15
34 26
34 200
34 387
35 240
35 436
35 747
35 789
36 71
36 94
36 860
36 882
37 122
37 600
37 648
37 700
38 353
38 371
38 622
38 712
39 65
39 384
39 866
39 927
40 190
40 493
40 639
40 722
41 167
41 261
41 354
41 893
42 306
42 607
42 739
42 882
43 45
43 532
43 547
43 825
44 246
44 676
44 857
44 891
45 321
45 478
45 592
45 845
46 10
46 42
46 514
46 825
47 199
47 208
47 344
47 569
48 103
48 141
48 722
48 808
49 217
49 322
49 470
49 597
50 421
50 759
50 931
50 952
51 289
51 693
51 736
51 851
52 2
52 435
52 630
52 965
53 12
53 204
53 388
53 800
54 123
54 473
54 677
54 958
55 119
55 254
55 594
55 769
56 453
56 545
56 722
56 908
57 292
57 587
57 719
57 817
58 173
58 305
58 387
58 541
59 331
59 359
59 496
59 739
60 464
60 467
60 559
60 577
61 211
61 426
61 980
61 993
62 128
62 251
62 905
62 929
63 53
63 90
63 110
63 572
64 83
64 359
64 833
64 862
65 289
65 353
65 410
65 814
66 59
66 339
66 422
66 622
67 298
67 311
67 385
67 922
68 337
68 356
68 824
68 979
69 29
69 331
69 753
69 818
70 281
70 503
70 647
70 838
71 121
71 127
71 358
71 405
72 126
72 161
72 572
72 984
73 241
73 467
73 507
73 859
74 85
74 338
74 442
74 611
75 229
75 484
75 573
75 633
76 83
76 573
76 659
76 680
77 186
77 640
77 729
77 823
78 117
78 151
78 848
78 922
79 240
79 354
79 753
79 772
80 130
80 493
80 891
80 962
81 73
81 632
81 749
81 980
82 166
82 186
82 763
82 790
83 220
83 535
83 702
83 730
84 270
84 698
84 715
84 947
85 347
85 445
85 493
85 870
86 203
86 234
86 625
86 927
87 16
87 618
87 697
87 703
88 45
88 52
88 551
88 570
89 59
89 241
89 534
89 652
90 313
90 328
90 881
90 952
91 158
91 413
91 632
91 854
92 96
92 129
92 152
92 658
93 201
93 250
93 651
93 782
94 556
94 611
94 638
94 807
95 528
95 770
95 945
95 951
96 35
96 285
96 350
96 873
97 428
97 841
97 854
97 962
98 167
98 491
98 500
98 576
99 39
99 111
99 476
99 800
100 203
100 279
100 571
100 612
101 222
101 259
101 386
101 901
102 346
102 641
102 716
102 928
103 11
103 444
103 780
103 807
104 162
104 219
104 357
104 736
105 128
105 183
105 282
105 369
106 140
106 389
106 398
106 984
107 36
107 60
107 212
107 940
108 229
108 342
108 487
108 569
109 253
109 350
109 445
109 885
110 502
110 505
110 840
110 935
111 269
111 616
111 659
111 742
112 439
112 560
112 614
112 916
113 67
113 509
113 763
113 784
114 340
114 754
114 882
114 936
115 233
115 243
115 304
115 487
116 517
116 606
116 814
116 969
117 142
117 348
117 586
117 898
118 172
118 491
118 702
118 940
119 291
119 438
119 583
119 993
120 153
120 348
120 427
120 958
121 1
121 308
121 559
121 777
122 190
122 225
122 320
122 590
123 51
123 127
123 261
123 507
124 138
124 243
124 607
124 957
125 425
125 757
125 792
125 818
126 130
126 609
126 723
126 839
127 80
127 229
127 423
127 503
128 253
128 612
128 919
128 929
129 42
129 450
129 916
129 958
130 144
130 319
130 324
130 457
131 297
131 328
131 594
131 656
132 55
132 104
132 548
132 984
133 78
133 148
133 798
133 816
134 24
134 103
134 389
134 697
135 71
135 505
135 667
135 837
136 287
136 531
136 668
136 921
137 366
137 391
137 415
137 908
138 1
138 94
138 302
138 479
139 498
139 501
139 513
139 908
140 408
140 528
140 724
140 807
141 265
141 520
141 543
141 583
142 36
142 698
142 731
142 828
143 20
143 267
143 869
143 956
144 152
144 187
144 303
144 928
145 397
145 549
145 595
145 828
146 249
146 548
146 715
146 866
147 275
147 604
147 915
147 944
148 318
148 475
148 551
148 657
149 519
149 695
149 845
149 924
150 322
150 462
150 473
150 944
151 146
151 170
151 487
151 807
152 420
152 814
152 836
152 865
153 206
153 268
153 361
153 632
154 85
154 256
154 353
154 442
155 119
155 130
155 708
155 798
156 372
156 698
156 765
156 771
157 37
157 73
157 467
157 981
158 2
158 495
158 655
158 818
159 438
159 465
159 882
159 927
160 417
160 470
160 735
160 820
161 237
161 442
161 760
161 810
162 173
162 266
162 300
162 960
163 79
163 268
163 615
163 738
164 384
164 663
164 746
164 986
165 274
165 439
165 449
165 785
166 504
166 688
166 711
166 721
167 247
167 498
167 718
167 884
168 371
168 595
168 824
168 848
169 3
169 14
169 58
169 552
170 459
170 693
170 764
170 775
171 23
171 278
171 301
171 833
172 23
172 244
172 264
172 656
173 68
173 117
173 753
173 944
174 201
174 334
174 627
174 723
175 206
175 234
175 551
175 943
176 177
176 443
176 922
176 945
177 241
177 300
177 511
177 612
178 93
178 281
178 646
178 663
179 144
179 297
179 425
179 891
180 121
180 805
180 854
180 919
181 53
181 331
181 465
181 687
182 369
182 620
182 959
182 974
183 420
183 474
183 538
183 991
184 47
184 114
184 483
184 995
185 72
185 235
185 236
185 482
186 178
186 238
186 462
186 643
187 11
187 170
187 775
187 850
188 3
188 160
188 612
188 887
189 250
189 531
189 615
189 901
190 105
190 193
190 353
190 928
191 302
191 541
191 723
191 886
192 5
192 151
192 206
192 484
193 252
193 484
193 632
193 662
194 252
194 346
194 496
194 502
195 125
195 674
195 798
195 811
196 109
196 303
196 646
196 806
197 9
197 184
197 202
197 318
198 59
198 306
198 474
198 865
199 373
199 376
199 406
199 594
200 12
200 518
200 600
200 626
201 171
201 361
201 589
201 680
202 435
202 663
202 732
202 874
203 44
203 845
203 903
203 991
204 138
204 653
204 882
204 997
205 382
205 396
205 454
205 842
206 42
206 606
206 978
206 998
207 396
207 744
207 749
207 943
208 40
208 183
208 250
208 490
209 30
209 332
209 535
209 564
210 166
210 171
210 615
210 765
211 149
211 337
211 367
211 917
212 321
212 535
212 796
212 803
213 14
213 456
213 535
213 712
214 46
214 630
214 758
214 774
215 229
215 366
215 410
215 849
216 159
216 367
216 471
216 640
217 239
217 522
217 863
217 938
218 150
218 273
218 416
218 769
219 248
219 486
219 696
219 927
220 721
220 754
220 897
220 967
221 427
221 542
221 567
221 655
222 9
222 88
222 138
222 311
223 67
223 257
223 547
223 817
224 121
224 324
224 603
224 816
225 42
225 475
225 528
225 654
226 284
226 295
226 609
226 812
227 21
227 385
227 414
227 740
228 90
228 492
228 577
228 748
229 96
229 266
229 549
229 585
230 357
230 526
230 615
230 644
231 90
231 285
231 663
231 701
232 14
232 174
232 893
232 960
233 67
233 220
233 268
233 306
234 491
234 611
234 725
234 938
235 41
235 110
235 606
235 708
236 193
236 360
236 526
236 808
237 127
237 198
237 235
237 482
238 182
238 208
238 741
238 835
239 240
239 270
239 403
239 648
240 71
240 230
240 469
240 936
241 152
241 296
241 517
241 656
242 147
242 210
242 242
242 745
243 564
243 621
243 670
243 726
244 254
244 567
244 789
244 966
245 80
245 835
245 839
245 937
246 76
246 103
246 227
246 242
247 83
247 636
247 687
247 845
248 125
248 318
248 406
248 533
249 222
249 353
249 525
249 762
250 76
250 81
250 559
250 718
251 230
251 618
251 744
251 977
252 264
252 452
252 866
252 933
253 50
253 404
253 524
253 992
254 29
254 360
254 638
254 781
255 295
255 382
255 527
255 601
256 151
256 600
256 677
256 791
257 31
257 62
257 738
257 871
258 160
258 385
258 508
258 963
259 230
259 547
259 976
259 996
260 106
260 162
260 768
260 837
261 195
261 758
261 919
261 921
262 31
262 375
262 712
262 928
263 124
263 297
263 669
263 828
264 311
264 684
264 922
264 980
265 55
265 98
265 575
265 882
266 97
266 256
266 484
266 916
267 135
267 219
267 265
267 820
268 625
268 635
268 825
268 957
269 180
269 414
269 788
269 823
270 16
270 90
270 187
270 487
271 280
271 340
271 410
271 733
272 28
272 135
272 569
272 685
273 140
273 183
273 761
273 978
274 176
274 181
274 229
274 706
275 10
275 43
275 615
275 821
276 43
276 348
276 664
276 736
277 203
277 484
277 663
277 962
278 215
278 257
278 408
278 922
279 161
279 214
279 376
279 962
280 93
280 520
280 598
280 658
281 127
281 167
281 572
281 962
282 432
282 479
282 860
282 978
283 336
283 389
283 434
283 695
284 370
284 655
284 661
284 892
285 50
285 293
285 442
285 529
286 299
286 766
286 926
286 987
287 83
287 499
287 732
287 892
288 2
288 131
288 550
288 929
289 549
289 599
289 826
289 1000
290 53
290 682
290 808
290 872
291 60
291 92
291 463
291 467
292 48
292 191
292 264
292 510
293 147
293 435
293 549
293 905
294 40
294 180
294 547
294 854
295 41
295 394
295 410
295 790
296 219
296 400
296 682
296 739
297 196
297 354
297 470
297 877
298 145
298 156
298 211
298 748
299 268
299 502
299 531
299 641
300 42
300 475
300 790
300 850
301 288
301 755
301 852
301 878
302 151
302 638
302 661
302 955
303 377
303 758
303 894
303 993
304 575
304 708
304 711
304 980
305 320
305 441
305 538
305 919
306 78
306 252
306 320
306 376
307 338
307 744
307 879
307 919
308 34
308 480
308 806
308 832
309 91
309 333
309 574
309 895
310 626
310 861
310 959
310 972
311 135
311 606
311 694
311 987
312 316
312 354
312 373
312 826
313 262
313 272
313 483
313 856
314 316
314 723
314 856
314 866
315 414
315 489
315 549
315 616
316 368
316 541
316 556
316 869
317 132
317 691
317 743
317 878
318 668
318 923
318 931
318 980
319 197
319 228
319 569
319 631
320 275
320 444
320 459
320 875
321 3
321 18
321 379
321 419
322 27
322 299
322 602
322 729
323 18
323 96
323 469
323 610
324 23
324 551
324 754
324 922
325 368
325 487
325 640
325 898
326 148
326 207
326 251
326 785
327 215
327 369
327 557
327 791
328 262
328 297
328 776
328 861
329 45
329 766
329 820
329 899
330 460
330 537
330 559
330 575
331 767
331 793
331 985
331 989
332 360
332 529
332 794
332 807
333 278
333 421
333 594
333 610
334 95
334 246
334 484
334 896
335 384
335 459
335 770
335 895
336 28
336 495
336 606
336 976
337 271
337 365
337 672
337 740
338 100
338 116
338 484
338 936
339 4
339 54
339 249
339 919
340 202
340 415
340 542
340 653
341 45
341 93
341 597
341 874
342 193
342 241
342 287
342 767
343 64
343 100
343 179
343 539
344 50
344 203
344 570
344 788
345 114
345 490
345 598
345 647
346 226
346 439
346 565
346 786
347 208
347 325
347 544
347 614
348 514
348 638
348 666
348 983
349 26
349 63
349 331
349 634
350 228
350 290
350 764
350 880
351 326
351 461
351 463
351 991
352 353
352 427
352 699
352 935
353 53
353 136
353 802
353 986
354 77
354 295
354 445
354 600
355 201
355 298
355 535
355 778
356 52
356 322
356 323
356 427
357 53
357 76
357 451
357 856
358 76
358 186
358 193
358 619
359 218
359 391
359 868
359 995
360 163
360 410
360 739
360 879
361 17
361 149
361 649
361 665
362 260
362 276
362 425
362 469
363 411
363 672
363 811
363 918
364 450
364 667
364 700
364 990
365 597
365 739
365 874
365 965
366 81
366 102
366 197
366 694
367 223
367 320
367 554
367 852
368 405
368 521
368 647
368 883
369 44
369 357
369 508
369 924
370 275
370 384
370 629
370 765
371 102
371 183
371 195
371 421
372 251
372 418
372 680
372 891
373 368
373 620
373 666
373 835
374 288
374 430
374 777
374 932
375 138
375 263
375 439
375 668
376 301
376 336
376 473
376 775
377 95
377 890
377 895
377 906
378 239
378 419
378 821
378 882
379 422
379 772
379 826
379 937
380 450
380 543
380 547
380 851
381 85
381 220
381 418
381 523
382 861
382 892
382 924
382 994
383 284
383 429
383 478
383 866
384 91
384 476
384 575
384 999
385 125
385 156
385 278
385 932
386 518
386 546
386 841
386 917
387 177
387 364
387 556
387 648
388 95
388 455
388 491
388 956
389 290
389 427
389 511
389 921
390 181
390 288
390 329
390 998
391 61
391 226
391 634
391 983
392 31
392 186
392 366
392 772
393 8
393 423
393 587
393 861
394 63
394 287
394 666
394 833
395 325
395 374
395 490
395 622
396 116
396 377
396 489
396 956
397 89
397 264
397 315
397 933
398 444
398 497
398 626
398 844
399 206
399 354
399 729
399 982
400 278
400 503
400 818
400 916
401 197
401 206
401 388
401 857
402 205
402 253
402 408
402 709
403 233
403 465
403 482
403 603
404 301
404 451
404 490
404 882
405 140
405 586
405 619
405 838
406 276
406 490
406 640
406 915
407 338
407 411
407 818
407 948
408 262
408 305
408 350
408 661
409 227
409 303
409 579
409 632
410 460
410 501
410 659
410 699
411 258
411 302
411 915
411 987
412 139
412 369
412 580
412 661
413 7
413 64
413 839
413 933
414 180
414 340
414 674
414 741
415 217
415 608
415 871
415 1000
416 103
416 434
416 462
416 704
417 188
417 645
417 826
417 904
418 225
418 298
418 333
418 659
419 48
419 119
419 846
419 853
420 124
420 184
420 269
420 667
421 294
421 709
421 733
421 831
422 109
422 215
422 224
422 858
423 25
423 405
423 819
423 910
424 248
424 393
424 654
424 958
425 578
425 757
425 843
425 926
426 210
426 450
426 517
426 868
427 439
427 715
427 755
427 878
428 657
428 664
428 846
428 849
429 294
429 459
429 681
429 995
430 7
430 435
430 470
430 533
431 304
431 609
431 868
431 968
432 28
432 58
432 144
432 450
433 349
433 364
433 377
433 857
434 75
434 249
434 574
434 637
435 298
435 490
435 497
435 759
436 18
436 180
436 572
436 954
437 171
437 798
437 828
437 862
438 291
438 411
438 571
438 698
439 328
439 422
439 611
439 800
440 282
440 458
440 500
440 796
441 281
441 315
441 570
441 877
442 12
442 71
442 150
442 163
443 319
443 504
443 548
443 846
444 89
444 417
444 502
444 794
445 67
445 186
445 210
445 970
446 123
446 316
446 445
446 475
447 332
447 553
447 786
447 873
448 47
448 272
448 427
448 529
449 78
449 138
449 167
449 614
450 153
450 250
450 500
450 973
451 446
451 480
451 806
451 864
452 19
452 72
452 311
452 809
453 385
453 683
453 761
453 828
454 17
454 307
454 609
454 921
455 4
455 581
455 679
455 849
456 55
456 116
456 892
456 942
457 872
457 903
457 905
457 943
458 362
458 743
458 852
458 922
459 157
459 511
459 557
459 868
460 330
460 488
460 683
460 997
461 362
461 576
461 893
461 940
462 80
462 281
462 484
462 585
463 89
463 108
463 296
463 489
464 88
464 122
464 375
464 942
465 35
465 701
465 708
465 953
466 23
466 240
466 758
466 832
467 303
467 407
467 647
467 874
468 73
468 260
468 545
468 953
469 144
469 308
469 533
469 733
470 14
470 509
470 794
470 827
471 119
471 258
471 377
471 471
472 343
472 652
472 814
472 834
473 433
473 520
473 578
473 748
474 591
474 744
474 820
474 998
475 28
475 361
475 434
475 838
476 35
476 362
476 458
476 706
477 83
477 372
477 514
477 756
478 433
478 672
478 674
478 860
479 383
479 419
479 825
479 966
480 120
480 273
480 575
480 975
481 167
481 235
481 696
481 717
482 280
482 347
482 591
482 962
483 289
483 322
483 843
483 866
484 227
484 457
484 661
484 744
485 273
485 331
485 826
485 999
486 119
486 295
486 482
486 691
487 40
487 135
487 355
487 711
488 261
488 315
488 410
488 800
489 196
489 340
489 441
489 712
490 125
490 783
490 873
490 996
491 59
491 142
491 672
491 962
492 128
492 358
492 552
492 678
493 235
493 676
493 767
493 861
494 69
494 672
494 686
494 926
495 584
495 708
495 730
495 769
496 341
496 392
496 819
496 888
497 327
497 526
497 921
497 967
498 164
498 262
498 757
498 847
499 225
499 553
499 933
499 972
500 18
500 32
500 873
500 987
501 206
501 645
501 687
501 973
502 45
502 554
502 574
502 656
503 107
503 317
503 349
503 664
504 126
504 134
504 137
504 944
505 35
505 195
505 596
505 733
506 4
506 263
506 389
506 844
507 44
507 218
507 908
507 947
508 171
508 240
508 842
508 856
509 164
509 217
509 717
509 912
510 602
510 684
510 755
510 765
511 587
511 728
511 864
511 913
512 75
512 356
512 429
512 461
513 49
513 61
513 392
513 569
514 26
514 596
514 650
514 696
515 286
515 504
515 919
515 951
516 297
516 359
516 519
516 769
517 162
517 398
517 500
517 780
518 13
518 416
518 596
518 729
519 95
519 216
519 824
519 932
520 166
520 525
520 550
520 702
521 26
521 91
521 152
521 745
522 280
522 365
522 809
522 964
523 298
523 398
523 881
523 902
524 109
524 531
524 582
524 825
525 63
525 207
525 353
525 767
526 154
526 340
526 441
526 595
527 286
527 657
527 745
527 967
528 172
528 400
528 565
528 827
529 119
529 390
529 769
529 788
530 297
530 491
530 617
530 728
531 762
531 794
531 825
531 912
532 30
532 70
532 809
532 883
533 104
533 126
533 403
533 697
534 49
534 326
534 619
534 947
535 249
535 422
535 800
535 913
536 257
536 266
536 358
536 698
537 801
537 847
537 887
537 921
538 208
538 567
538 692
538 810
539 24
539 186
539 297
539 564
540 39
540 66
540 350
540 491
541 139
541 302
541 458
541 536
542 97
542 156
542 462
542 832
543 11
543 409
543 926
543 937
544 350
544 435
544 445
544 469
545 25
545 527
545 543
545 972
546 198
546 205
546 475
546 720
547 659
547 678
547 755
547 935
548 515
548 599
548 659
548 858
549 152
549 200
549 959
549 974
550 167
550 231
550 276
550 564
551 225
551 284
551 592
551 765
552 78
552 116
552 662
552 885
553 163
553 236
553 418
553 608
554 16
554 258
554 742
554 903
555 71
555 225
555 521
555 778
556 780
556 819
556 863
556 895
557 253
557 453
557 475
557 584
558 58
558 344
558 765
558 981
559 521
559 523
559 686
559 742
560 110
560 630
560 716
560 799
561 34
561 382
561 470
561 806
562 35
562 47
562 216
562 728
563 47
563 204
563 332
563 367
564 3
564 392
564 594
564 944
565 12
565 583
565 597
565 779
566 86
566 119
566 310
566 952
567 123
567 305
567 421
567 542
568 38
568 40
568 124
568 471
569 360
569 432
569 440
569 492
570 278
570 447
570 787
570 797
571 450
571 560
571 607
571 901
572 697
572 838
572 894
572 930
573 85
573 249
573 292
573 840
574 156
574 281
574 808
574 888
575 127
575 407
575 676
575 898
576 374
576 449
576 585
576 956
577 17
577 435
577 694
577 942
578 286
578 520
578 763
578 907
579 17
579 67
579 853
579 992
580 180
580 375
580 404
580 727
581 248
581 411
581 638
581 907
582 81
582 303
582 523
582 593
583 157
583 593
583 691
583 998
584 195
584 196
584 670
584 843
585 36
585 51
585 89
585 962
586 63
586 668
586 774
586 990
587 708
587 717
587 859
587 885
588 246
588 275
588 492
588 996
589 123
589 300
589 357
589 741
590 197
590 233
590 452
590 964
591 75
591 182
591 377
591 416
592 117
592 189
592 573
592 864
593 3
593 357
593 584
593 646
594 221
594 601
594 656
594 775
595 361
595 445
595 560
595 867
596 108
596 186
596 646
596 742
597 376
597 629
597 638
597 670
598 107
598 142
598 593
598 755
599 224
599 604
599 662
599 927
600 105
600 341
600 530
600 863
601 400
601 416
601 466
601 698
602 167
602 310
602 421
602 655
603 303
603 581
603 759
603 919
604 463
604 533
604 887
604 913
605 87
605 361
605 502
605 940
606 84
606 168
606 624
606 726
607 227
607 464
607 741
607 889
608 121
608 432
608 932
608 992
609 64
609 139
609 445
609 523
610 212
610 270
610 586
610 863
611 247
611 715
611 792
611 992
612 90
612 249
612 579
612 1000
613 40
613 219
613 965
613 980
614 687
614 711
614 714
614 955
615 26
615 499
615 589
615 854
616 445
616 475
616 944
616 992
617 17
617 456
617 558
617 881
618 97
618 327
618 364
618 468
619 502
619 549
619 663
619 700
620 118
620 131
620 493
620 795
621 477
621 512
621 691
621 925
622 507
622 904
622 971
622 998
623 18
623 153
623 442
623 645
624 198
624 202
624 706
624 802
625 68
625 689
625 696
625 886
626 261
626 496
626 577
626 719
627 501
627 554
627 728
627 976
628 143
628 626
628 694
628 740
629 278
629 552
629 825
629 852
630 160
630 760
630 883
630 954
631 127
631 302
631 345
631 966
632 32
632 81
632 737
632 990
633 134
633 361
633 614
633 985
634 590
634 600
634 762
634 911
635 100
635 311
635 378
635 397
636 532
636 577
636 903
636 957
637 14
637 357
637 383
637 570
638 69
638 347
638 638
638 669
639 311
639 588
639 911
639 928
640 100
640 169
640 316
640 548
641 137
641 257
641 354
641 899
642 5
642 134
642 666
642 776
643 298
643 321
643 573
643 599
644 463
644 497
644 549
644 781
645 66
645 177
645 407
645 728
646 113
646 349
646 738
646 969
647 146
647 641
647 728
647 926
648 14
648 146
648 405
648 698
649 139
649 217
649 720
649 775
650 183
650 333
650 414
650 734
651 255
651 623
651 645
651 913
652 89
652 298
652 403
652 508
653 18
653 72
653 266
653 727
654 320
654 563
654 846
654 902
655 25
655 135
655 267
655 775
656 133
656 515
656 602
656 931
657 310
657 407
657 852
657 902
658 27
658 398
658 736
658 814
659 58
659 496
659 616
659 852
660 298
660 321
660 588
660 914
661 74
661 240
661 485
661 501
662 273
662 471
662 787
662 828
663 165
663 204
663 360
663 519
664 70
664 174
664 455
664 632
665 280
665 520
665 732
665 995
666 358
666 537
666 595
666 675
667 12
667 434
667 548
667 782
668 174
668 529
668 843
668 913
669 181
669 384
669 765
669 843
670 120
670 468
670 572
670 779
671 408
671 506
671 721
671 861
672 78
672 305
672 853
672 945
673 304
673 392
673 911
673 924
674 194
674 357
674 414
674 437
675 1
675 38
675 134
675 270
676 222
676 231
676 672
676 865
677 479
677 720
677 742
677 873
678 190
678 255
678 282
678 754
679 312
679 417
679 645
679 766
680 117
680 292
680 626
680 657
681 167
681 181
681 249
681 363
682 134
682 438
682 510
682 843
683 121
683 597
683 655
683 983
684 367
684 563
684 836
684 893
685 510
685 557
685 705
685 753
686 480
686 546
686 609
686 811
687 38
687 573
687 718
687 744
688 50
688 103
688 264
688 685
689 80
689 288
689 878
689 990
690 305
690 671
690 841
690 976
691 245
691 280
691 566
691 811
692 213
692 425
692 717
692 932
693 44
693 104
693 357
693 780
694 79
694 340
694 779
694 942
695 315
695 369
695 582
695 824
696 114
696 659
696 854
696 964
697 154
697 436
697 496
697 704
698 365
698 485
698 542
698 853
699 157
699 314
699 424
699 780
700 397
700 501
700 714
700 852
701 258
701 355
701 695
701 998
702 18
702 50
702 81
702 540
703 70
703 517
703 757
703 824
704 16
704 251
704 297
704 669
705 289
705 647
705 811
705 846
706 464
706 778
706 889
706 895
707 15
707 100
707 201
707 694
708 52
708 124
708 252
708 621
709 188
709 292
709 368
709 573
710 168
710 228
710 257
710 307
711 206
711 544
711 613
711 719
712 87
712 400
712 402
712 607
713 11
713 135
713 646
713 667
714 64
714 339
714 664
714 669
715 675
715 678
715 748
715 765
716 4
716 216
716 438
716 981
717 117
717 259
717 553
717 796
718 234
718 444
718 538
718 712
719 181
719 508
719 512
719 862
720 99
720 600
720 662
720 701
721 319
721 414
721 731
721 781
722 202
722 448
722 560
722 654
723 305
723 434
723 866
723 914
724 331
724 378
724 676
724 819
725 96
725 145
725 170
725 698
726 66
726 202
726 324
726 791
727 7
727 262
727 515
727 617
728 394
728 543
728 664
728 902
729 28
729 198
729 284
729 924
730 143
730 152
730 730
730 921
731 357
731 662
731 731
731 849
732 11
732 224
732 404
732 653
733 422
733 509
733 593
733 836
734 61
734 74
734 436
734 909
735 382
735 764
735 892
735 983
736 294
736 682
736 751
736 831
737 140
737 622
737 747
737 981
738 154
738 336
738 418
738 548
739 5
739 28
739 457
739 821
740 12
740 15
740 749
740 769
741 98
741 238
741 901
741 949
742 78
742 525
742 648
742 886
743 120
743 362
743 381
743 602
744 91
744 118
744 272
744 414
745 62
745 466
745 598
745 909
746 468
746 480
746 907
746 977
747 208
747 413
747 430
747 701
748 130
748 442
748 731
748 1000
749 43
749 711
749 920
749 923
750 348
750 735
750 904
750 987
751 105
751 364
751 504
751 981
752 218
752 439
752 854
752 996
753 147
753 193
753 324
753 548
754 261
754 447
754 473
754 977
755 2
755 382
755 731
755 742
756 533
756 559
756 621
756 780
757 92
757 339
757 341
757 866
758 64
758 206
758 369
758 731
759 137
759 234
759 705
759 822
760 128
760 742
760 898
760 949
761 87
761 378
761 646
761 780
762 118
762 635
762 866
762 992
763 620
763 838
763 911
763 932
764 35
764 323
764 481
764 580
765 2
765 260
765 303
765 486
766 22
766 116
766 596
766 719
767 285
767 410
767 906
767 966
768 245
768 652
768 737
768 919
769 102
769 496
769 646
769 758
770 51
770 318
770 634
770 653
771 93
771 542
771 762
771 988
772 7
772 66
772 708
772 795
773 23
773 30
773 439
773 882
774 48
774 198
774 246
774 278
775 308
775 333
775 457
775 582
776 27
776 93
776 396
776 500
777 21
777 154
777 727
777 937
778 132
778 552
778 614
778 630
779 149
779 310
779 313
779 513
780 69
780 158
780 381
780 426
781 288
781 458
781 613
781 725
782 175
782 447
782 818
782 904
783 365
783 444
783 636
783 935
784 338
784 776
784 860
784 957
785 708
785 794
785 863
785 970
786 144
786 156
786 778
786 795
787 160
787 187
787 608
787 989
788 152
788 247
788 434
788 894
789 41
789 491
789 774
789 907
790 684
790 687
790 771
790 915
791 151
791 223
791 252
791 946
792 99
792 557
792 604
792 671
793 322
793 525
793 638
793 930
794 67
794 397
794 756
794 800
795 22
795 184
795 733
795 849
796 38
796 591
796 920
796 925
797 208
797 268
797 534
797 573
798 43
798 83
798 172
798 597
799 205
799 508
799 618
799 897
800 232
800 252
800 418
800 802
801 4
801 51
801 133
801 221
802 75
802 242
802 278
802 526
803 229
803 328
803 864
803 962
804 265
804 304
804 452
804 516
805 316
805 565
805 642
805 943
806 62
806 548
806 555
806 582
807 52
807 312
807 530
807 912
808 244
808 491
808 618
808 718
809 408
809 503
809 564
809 996
810 133
810 140
810 330
810 686
811 314
811 354
811 704
811 840
812 524
812 557
812 825
812 868
813 115
813 164
813 252
813 977
814 103
814 219
814 810
814 983
815 169
815 638
815 731
815 826
816 133
816 356
816 699
816 726
817 473
817 557
817 840
817 966
818 704
818 734
818 774
818 889
819 196
819 434
819 962
819 995
820 631
820 890
820 930
820 995
821 520
821 572
821 626
821 769
822 148
822 448
822 584
822 630
823 135
823 256
823 304
823 646
824 172
824 257
824 265
824 971
825 123
825 349
825 667
825 830
826 47
826 442
826 622
826 937
827 136
827 396
827 701
827 870
828 252
828 331
828 813
828 950
829 258
829 305
829 677
829 898
830 60
830 475
830 755
830 779
831 431
831 609
831 742
831 993
832 126
832 277
832 406
832 753
833 244
833 602
833 923
833 955
834 136
834 210
834 564
834 797
835 444
835 491
835 807
835 986
836 99
836 660
836 874
836 926
837 92
837 236
837 533
837 952
838 218
838 298
838 668
838 967
839 78
839 349
839 430
839 749
840 108
840 437
840 517
840 853
841 140
841 366
841 595
841 690
842 189
842 260
842 339
842 953
843 95
843 102
843 731
843 957
844 184
844 236
844 688
844 842
845 308
845 430
845 568
845 863
846 194
846 276
846 489
846 703
847 197
847 321
847 524
847 840
848 159
848 217
848 325
848 801
849 130
849 215
849 511
849 838
850 210
850 279
850 542
850 927
851 563
851 573
851 637
851 905
852 243
852 342
852 664
852 926
853 28
853 304
853 388
853 958
854 100
854 297
854 346
854 528
855 27
855 299
855 390
855 447
856 260
856 706
856 754
856 846
857 505
857 525
857 684
857 993
858 365
858 440
858 508
858 961
859 262
859 544
859 547
859 788
860 66
860 152
860 406
860 614
861 205
861 455
861 736
861 894
862 192
862 217
862 455
862 892
863 159
863 408
863 945
863 957
864 485
864 615
864 647
864 933
865 536
865 635
865 827
865 866
866 16
866 645
866 736
866 900
867 1
867 16
867 27
867 668
868 99
868 190
868 388
868 474
869 151
869 205
869 244
869 979
870 18
870 435
870 823
870 848
871 2
871 73
871 528
871 896
872 92
872 290
872 558
872 713
873 67
873 189
873 529
873 619
874 122
874 471
874 488
874 750
875 461
875 510
875 597
875 860
876 128
876 885
876 931
876 990
877 94
877 186
877 887
877 910
878 165
878 654
878 802
878 914
879 66
879 208
879 297
879 992
880 23
880 130
880 603
880 694
881 106
881 874
881 912
881 964
882 147
882 322
882 920
882 998
883 211
883 282
883 545
883 601
884 132
884 299
884 566
884 631
885 517
885 535
885 541
885 575
886 160
886 426
886 673
886 779
887 74
887 303
887 368
887 611
888 320
888 491
888 589
888 611
889 103
889 418
889 676
889 904
890 79
890 286
890 709
890 712
891 370
891 442
891 461
891 584
892 381
892 849
892 902
892 936
893 121
893 306
893 674
893 746
894 88
894 102
894 492
894 881
895 122
895 358
895 596
895 988
896 39
896 586
896 692
896 923
897 293
897 444
897 668
897 756
898 125
898 820
898 851
898 869
899 131
899 831
899 908
899 973
900 9
900 481
900 653
900 916
901 48
901 420
901 938
901 951
902 391
902 477
902 624
902 752
903 42
903 52
903 292
903 550
904 19
904 77
904 611
904 613
905 260
905 326
905 769
905 987
906 43
906 314
906 363
906 968
907 249
907 290
907 305
907 328
908 474
908 540
908 643
908 903
909 240
909 633
909 721
909 962
910 206
910 591
910 762
910 790
911 6
911 103
911 156
911 929
912 164
912 252
912 283
912 917
913 39
913 115
913 168
913 978
914 182
914 269
914 400
914 543
915 156
915 193
915 366
915 699
916 199
916 211
916 513
916 524
917 90
917 380
917 488
917 532
918 65
918 800
918 814
918 935
919 84
919 498
919 888
919 980
920 15
920 196
920 473
920 662
921 294
921 512
921 682
921 892
922 37
922 298
922 684
922 839
923 192
923 886
923 903
923 942
924 533
924 601
924 629
924 688
925 593
925 866
925 946
925 966
926 234
926 358
926 590
926 711
927 56
927 323
927 748
927 814
928 147
928 400
928 690
928 759
929 72
929 699
929 730
929 938
930 432
930 851
930 860
930 951
931 4
931 31
931 491
931 969
932 184
932 417
932 672
932 759
933 120
933 246
933 372
933 826
934 307
934 749
934 869
934 954
935 94
935 212
935 325
935 363
936 187
936 236
936 348
936 986
937 143
937 230
937 492
937 779
938 349
938 408
938 513
938 583
939 243
939 518
939 753
939 931
940 181
940 361
940 516
940 829
941 295
941 338
941 584
941 985
942 118
942 435
942 700
942 896
943 198
943 199
943 671
943 901
944 98
944 567
944 630
944 953
945 169
945 172
945 268
945 782
946 20
946 505
946 702
946 922
947 287
947 331
947 374
947 933
948 544
948 658
948 706
948 916
949 7
949 559
949 732
949 815
950 20
950 492
950 723
950 826
951 24
951 27
951 498
951 691
952 4
952 648
952 662
952 909
953 160
953 319
953 447
953 856
954 19
954 50
954 494
954 999
955 52
955 165
955 221
955 483
956 427
956 481
956 762
956 784
957 754
957 767
957 771
957 908
958 305
958 624
958 719
958 797
959 188
959 576
959 610
959 791
960 167
960 228
960 480
960 752
961 65
961 347
961 678
961 884
962 8
962 146
962 283
962 756
963 162
963 188
963 469
963 687
964 65
964 526
964 768
964 824
965 141
965 340
965 462
965 470
966 165
966 402
966 720
966 890
967 192
967 662
967 798
967 902
968 75
968 183
968 433
968 680
969 758
969 760
969 808
969 959
970 40
970 131
970 342
970 443
971 268
971 616
971 732
971 936
972 354
972 384
972 567
972 922
973 44
973 547
973 716
973 917
974 98
974 110
974 156
974 458
975 751
975 821
975 951
975 957
976 114
976 260
976 538
976 919
977 278
977 637
977 916
977 937
978 298
978 350
978 499
978 765
979 193
979 268
979 905
979 966
980 117
980 208
980 772
980 880
981 363
981 416
981 586
981 927
982 511
982 638
982 813
982 924
983 320
983 653
983 847
983 987
984 244
984 599
984 829
984 897
985 462
985 540
985 613
985 632
986 259
986 515
986 664
986 725
987 32
987 117
987 462
987 483
988 227
988 428
988 671
988 706
989 82
989 181
989 228
989 366
990 99
990 349
990 490
990 651
991 322
991 924
991 996
991 999
992 141
992 637
992 786
992 899
993 496
993 625
993 889
993 941
994 415
994 423
994 903
994 946
995 303
995 559
995 862
995 941
996 583
996 589
996 759
996 957
997 722
997 748
997 869
997 914
998 135
998 145
998 517
998 922
999 8
999 340
999 474
999 541
1000 146
1000 200
1000 687
1000 689
