# The woods are lovely, dark and deep
# But I have promises to keep
# Size: 1000 And miles to go before I sleep
# And miles to go before I sleep
1 56
1 367
1 689
1 866
2 480
2 613
2 776
2 929
3 124
3 302
3 385
3 560
4 129
4 250
4 453
4 947
5 99
5 499
5 590
5 870
6 181
6 585
6 631
6 782
7 3
7 360
7 376
7 935
8 205
8 462
8 508
8 708
9 269
9 505
9 897
9 974
10 113
10 158
10 328
10 847
11 209
11 297
11 683
11 890
12 498
12 551
12 605
12 692
13 109
13 267
13 436
13 916
14 375
14 630
14 767
14 940
15 53
15 99
15 293
15 747
16 37
16 461
16 549
16 701
17 155
17 725
17 830
17 904
18 692
18 761
18 836
18 943
19 144
19 444
19 589
19 635
20 127
20 196
20 446
20 902
21 53
21 213
21 365
21 880
22 191
22 397
22 449
22 468
23 220
23 230
23 292
23 371
24 326
24 672
24 710
24 1000
25 386
25 711
25 791
25 825
26 516
26 792
26 816
26 905
27 87
27 530
27 709
27 940
28 201
28 306
28 396
28 863
29 161
29 276
29 610
29 658
30 170
30 263
30 815
30 997
31 353
31 365
31 482
31 949
32 367
32 789
32 867
32 902
33 297
33 812
33 872
33 970
34 559
34 588
34 732
34 788
35 42
35 214
35 426
35 938
36 499
36 604
36 746
36 788
37 364
37 525
37 590
37 983
38 508
38 724
38 865
38 897
39 171
39 434
39 563
39 715
40 113
40 280
40 332
40 580
41 433
41 583
41 690
41 962
42 100
42 245
42 761
42 854
43 561
43 625
43 761
43 979
44 285
44 393
44 650
44 950
45 96
45 454
45 671
45 951
46 152
46 412
46 471
46 690
47 65
47 127
47 225
47 467
48 244
48 671
48 814
48 827
49 41
49 349
49 414
49 964
50 86
50 460
50 536
50 806
51 51
51 194
51 453
51 767
52 266
52 275
52 473
52 621
53 369
53 428
53 601
53 977
54 155
54 360
54 837
54 908
55 104
55 310
55 317
55 876
56 516
56 723
56 761
56 824
57 186
57 243
57 280
57 932
58 206
58 327
58 463
58 631
59 123
59 178
59 287
59 952
60 101
60 585
60 849
60 977
61 179
61 225
61 310
61 953
62 587
62 760
62 835
62 854
63 13
63 109
63 168
63 336
64 63
64 517
64 881
64 953
65 37
65 76
65 142
65 660
66 127
66 490
66 864
66 919
67 172
67 376
67 564
67 957
68 70
68 124
68 383
68 434
69 139
69 192
69 699
69 926
70 1
70 387
70 569
70 871
71 128
71 413
71 642
71 889
72 81
72 262
72 671
72 962
73 165
73 395
73 563
73 627
74 511
74 772
74 835
74 926
75 165
75 304
75 505
75 767
76 40
76 235
76 520
76 529
77 264
77 596
77 816
77 837
78 7
78 121
78 649
78 995
79 24
79 70
79 194
79 617
80 356
80 500
80 783
80 947
81 58
81 324
81 464
81 868
82 19
82 139
82 309
82 970
83 63
83 380
83 717
83 757
84 511
84 536
84 577
84 633
85 288
85 528
85 542
85 968
86 584
86 611
86 766
86 997
87 438
87 676
87 760
87 816
88 80
88 219
88 296
88 681
89 97
89 434
89 817
89 823
90 158
90 172
90 416
90 810
91 255
91 598
91 759
91 932
92 200
92 272
92 540
92 634
93 152
93 577
93 892
93 928
94 398
94 401
94 568
94 717
95 169
95 372
95 416
95 648
96 507
96 660
96 671
96 843
97 80
97 281
97 399
97 578
98 261
98 326
98 397
98 493
99 253
99 438
99 547
99 667
100 129
100 236
100 350
100 753
101 446
101 582
101 826
101 843
102 46
102 269
102 621
102 860
103 258
103 590
103 763
103 947
104 141
104 342
104 471
104 866
105 74
105 214
105 557
105 730
106 125
106 592
106 777
106 781
107 116
107 327
107 579
107 725
108 251
108 456
108 658
108 960
109 326
109 740
109 958
109 979
110 62
110 276
110 521
110 857
111 320
111 539
111 786
111 924
112 9
112 180
112 199
112 330
113 67
113 137
113 246
113 430
114 97
114 367
114 809
114 988
115 90
115 294
115 389
115 883
116 19
116 71
116 229
116 510
117 94
117 512
117 635
117 920
118 58
118 507
118 971
118 999
119 438
119 557
119 615
119 951
120 103
120 369
120 565
120 935
121 31
121 132
121 273
121 524
122 71
122 250
122 487
122 575
123 248
123 443
123 645
123 766
124 202
124 679
124 757
124 822
125 21
125 236
125 286
125 787
126 68
126 185
126 188
126 646
127 14
127 298
127 377
127 636
128 68
128 108
128 635
128 764
129 193
129 308
129 931
129 939
130 562
130 611
130 788
130 984
131 117
131 241
131 482
131 623
132 41
132 102
132 429
132 506
133 275
133 367
133 751
133 997
134 68
134 419
134 584
134 777
135 123
135 133
135 409
135 905
136 10
136 63
136 214
136 529
137 26
137 344
137 461
137 546
138 14
138 353
138 665
138 796
139 23
139 108
139 691
139 959
140 339
140 486
140 607
140 645
141 6
141 271
141 369
141 977
142 292
142 797
142 868
142 959
143 478
143 686
143 691
143 789
144 54
144 228
144 269
144 935
145 73
145 189
145 209
145 250
146 209
146 255
146 877
146 928
147 9
147 74
147 179
147 220
148 70
148 226
148 460
148 673
149 5
149 252
149 324
149 417
150 223
150 253
150 394
150 809
151 63
151 80
151 799
151 832
152 222
152 356
152 819
152 880
153 22
153 603
153 942
153 949
154 403
154 446
154 777
154 918
155 259
155 284
155 347
155 856
156 439
156 489
156 585
156 1000
157 158
157 402
157 844
157 966
158 177
158 387
158 402
158 729
159 226
159 471
159 619
159 989
160 52
160 111
160 659
160 723
161 228
161 655
161 731
161 797
162 28
162 42
162 280
162 879
163 374
163 740
163 833
163 919
164 40
164 72
164 438
164 790
165 62
165 87
165 529
165 884
166 20
166 485
166 524
166 953
167 115
167 156
167 410
167 942
168 8
168 357
168 745
168 886
169 331
169 383
169 464
169 836
170 164
170 360
170 389
170 778
171 29
171 347
171 600
171 945
172 228
172 312
172 614
172 845
173 108
173 136
173 404
173 690
174 224
174 680
174 816
174 894
175 247
175 547
175 777
175 987
176 1
176 150
176 488
176 899
177 222
177 323
177 589
177 590
178 171
178 271
178 290
178 925
179 94
179 238
179 299
179 706
180 15
180 225
180 453
180 615
181 337
181 388
181 409
181 596
182 147
182 276
182 387
182 992
183 363
183 638
183 685
183 696
184 8
184 18
184 95
184 548
185 9
185 689
185 903
185 981
186 198
186 426
186 516
186 642
187 3
187 106
187 385
187 412
188 402
188 623
188 635
188 958
189 433
189 594
189 725
189 983
190 33
190 74
190 142
190 650
191 105
191 253
191 382
191 906
192 40
192 110
192 134
192 142
193 108
193 123
193 593
193 831
194 210
194 541
194 696
194 925
195 126
195 129
195 495
195 831
196 353
196 403
196 433
196 807
197 402
197 583
197 769
197 931
198 475
198 538
198 555
198 816
199 46
199 78
199 120
199 832
200 6
200 169
200 329
200 664
201 232
201 451
201 857
201 861
202 124
202 305
202 553
202 747
203 63
203 592
203 712
203 799
204 200
204 246
204 422
204 899
205 349
205 720
205 844
205 897
206 90
206 266
206 576
206 818
207 235
207 333
207 771
207 990
208 266
208 499
208 517
208 915
209 438
209 516
209 636
209 963
210 1
210 469
210 587
210 881
211 299
211 653
211 656
211 917
212 90
212 247
212 314
212 370
213 441
213 484
213 746
213 783
214 105
214 255
214 298
214 846
215 53
215 57
215 502
215 858
216 119
216 268
216 525
216 691
217 15
217 499
217 803
217 875
218 83
218 472
218 603
218 855
219 108
219 287
219 473
219 828
220 120
220 172
220 406
220 676
221 26
221 67
221 196
221 432
222 77
222 243
222 804
222 935
223 268
223 325
223 392
223 397
224 711
224 735
224 827
224 904
225 83
225 495
225 681
225 756
226 521
226 614
226 771
226 790
227 470
227 534
227 705
227 757
228 247
228 376
228 747
228 865
229 55
229 330
229 578
229 909
230 221
230 742
230 812
230 854
231 275
231 300
231 429
231 739
232 394
232 498
232 514
232 963
233 82
233 228
233 291
233 714
234 333
234 359
234 399
234 984
235 314
235 571
235 724
235 886
236 60
236 71
236 618
236 675
237 190
237 480
237 497
237 759
238 172
238 222
238 237
238 686
239 81
239 87
239 191
239 383
240 222
240 295
240 698
240 873
241 35
241 89
241 764
241 855
242 339
242 627
242 641
242 689
243 390
243 404
243 763
243 907
244 13
244 187
244 312
244 634
245 336
245 377
245 632
245 787
246 27
246 582
246 593
246 616
247 209
247 265
247 441
247 737
248 322
248 363
248 555
248 912
249 160
249 573
249 638
249 726
250 120
250 240
250 268
250 623
251 314
251 368
251 394
251 622
252 16
252 146
252 280
252 682
253 133
253 528
253 532
253 598
254 49
254 66
254 658
254 664
255 233
255 295
255 304
255 911
256 301
256 341
256 399
256 867
257 671
257 824
257 881
257 984
258 218
258 466
258 554
258 760
259 181
259 326
259 461
259 803
260 151
260 226
260 336
260 857
261 81
261 221
261 379
261 892
262 401
262 461
262 780
262 827
263 314
263 540
263 620
263 933
264 449
264 752
264 906
264 975
265 108
265 362
265 745
265 918
266 69
266 243
266 679
266 922
267 325
267 407
267 419
267 715
268 346
268 575
268 610
268 759
269 116
269 286
269 666
269 709
270 86
270 281
270 439
270 684
271 153
271 319
271 869
271 996
272 37
272 430
272 476
272 795
273 52
273 566
273 824
273 984
274 204
274 393
274 458
274 598
275 18
275 96
275 830
275 835
276 186
276 390
276 545
276 567
277 77
277 342
277 534
277 613
278 174
278 260
278 720
278 961
279 662
279 678
279 774
279 776
280 6
280 479
280 582
280 770
281 135
281 449
281 614
281 833
282 222
282 240
282 280
282 599
283 41
283 177
283 679
283 897
284 176
284 554
284 604
284 772
285 604
285 713
285 740
285 922
286 433
286 661
286 667
286 747
287 707
287 905
287 934
287 985
288 83
288 232
288 324
288 662
289 109
289 156
289 522
289 535
290 266
290 594
290 843
290 894
291 109
291 141
291 227
291 281
292 136
292 264
292 553
292 905
293 123
293 197
293 309
293 791
294 60
294 272
294 538
294 760
295 147
295 455
295 829
295 957
296 240
296 396
296 789
296 875
297 404
297 476
297 869
297 899
298 469
298 638
298 733
298 908
299 71
299 603
299 740
299 974
300 81
300 135
300 334
300 348
301 230
301 465
301 701
301 868
302 50
302 412
302 458
302 915
303 420
303 429
303 858
303 874
304 177
304 475
304 732
304 971
305 135
305 324
305 732
305 739
306 138
306 644
306 683
306 691
307 300
307 788
307 805
307 809
308 120
308 684
308 882
308 939
309 67
309 460
309 890
309 993
310 37
310 200
310 581
310 957
311 119
311 245
311 824
311 878
312 28
312 223
312 560
312 992
313 286
313 445
313 488
313 542
314 35
314 76
314 479
314 855
315 61
315 163
315 686
315 853
316 17
316 89
316 508
316 713
317 321
317 569
317 825
317 922
318 7
318 18
318 389
318 982
319 43
319 113
319 536
319 595
320 40
320 731
320 740
320 826
321 196
321 311
321 613
321 871
322 281
322 383
322 740
322 774
323 69
323 560
323 875
323 879
324 128
324 285
324 754
324 874
325 32
325 763
325 847
325 934
326 335
326 487
326 635
326 652
327 18
327 247
327 981
327 1000
328 4
328 176
328 922
328 929
329 149
329 317
329 673
329 746
330 626
330 650
330 876
330 938
331 39
331 144
331 328
331 596
332 223
332 414
332 708
332 813
333 498
333 504
333 730
333 880
334 58
334 107
334 119
334 684
335 173
335 185
335 528
335 670
336 196
336 269
336 449
336 553
337 33
337 95
337 675
337 929
338 395
338 633
338 774
338 974
339 58
339 377
339 407
339 543
340 211
340 216
340 449
340 651
341 46
341 204
341 303
341 590
342 223
342 479
342 939
342 949
343 266
343 401
343 528
343 960
344 84
344 500
344 652
344 993
345 358
345 543
345 643
345 936
346 707
346 772
346 815
346 860
347 202
347 488
347 931
347 952
348 118
348 428
348 493
348 660
349 214
349 559
349 775
349 778
350 190
350 344
350 468
350 600
351 268
351 329
351 769
351 779
352 284
352 343
352 846
352 943
353 140
353 562
353 851
353 961
354 204
354 434
354 776
354 849
355 312
355 749
355 825
355 959
356 317
356 335
356 556
356 785
357 613
357 815
357 919
357 985
358 271
358 624
358 661
358 743
359 53
359 220
359 500
359 862
360 7
360 277
360 583
360 597
361 101
361 819
361 848
361 982
362 62
362 66
362 548
362 825
363 222
363 266
363 276
363 471
364 456
364 527
364 784
364 850
365 59
365 598
365 612
365 921
366 175
366 289
366 886
366 944
367 113
367 283
367 932
367 935
368 146
368 623
368 718
368 776
369 227
369 316
369 495
369 899
370 166
370 175
370 442
370 583
371 206
371 298
371 484
371 794
372 62
372 157
372 387
372 551
373 436
373 664
373 902
373 918
374 152
374 382
374 512
374 951
375 540
375 592
375 695
375 923
376 92
376 105
376 690
376 944
377 166
377 291
377 297
377 371
378 30
378 121
378 393
378 541
379 521
379 619
379 791
379 960
380 116
380 592
380 664
380 873
381 86
381 234
381 677
381 856
382 168
382 592
382 776
382 799
383 87
383 373
383 398
383 526
384 159
384 334
384 583
384 827
385 361
385 511
385 662
385 912
386 44
386 177
386 454
386 537
387 111
387 371
387 749
387 923
388 337
388 595
388 647
388 831
389 33
389 50
389 167
389 358
390 153
390 645
390 754
390 876
391 486
391 854
391 895
391 939
392 441
392 484
392 575
392 910
393 580
393 720
393 841
393 855
394 44
394 329
394 465
394 961
395 101
395 250
395 322
395 421
396 61
396 403
396 617
396 692
397 502
397 606
397 933
397 967
398 15
398 59
398 738
398 854
399 222
399 381
399 506
399 834
400 99
400 457
400 808
400 883
401 397
401 416
401 622
401 711
402 494
402 617
402 652
402 761
403 386
403 413
403 581
403 891
404 441
404 547
404 549
404 683
405 27
405 543
405 638
405 894
406 99
406 287
406 565
406 826
407 312
407 464
407 657
407 952
408 142
408 162
408 185
408 259
409 130
409 431
409 533
409 800
410 356
410 446
410 560
410 926
411 489
411 637
411 765
411 900
412 122
412 266
412 553
412 939
413 233
413 235
413 496
413 661
414 185
414 312
414 478
414 838
415 7
415 108
415 498
415 499
416 32
416 519
416 783
416 817
417 123
417 403
417 504
417 867
418 332
418 463
418 495
418 669
419 57
419 139
419 176
419 294
420 63
420 69
420 384
420 748
421 36
421 367
421 428
421 449
422 48
422 109
422 760
422 814
423 497
423 542
423 703
423 966
424 31
424 86
424 102
424 142
425 300
425 417
425 676
425 902
426 145
426 215
426 276
426 486
427 95
427 736
427 871
427 896
428 324
428 403
428 412
428 674
429 215
429 271
429 304
429 964
430 479
430 697
430 836
430 856
431 5
431 324
431 518
431 556
432 147
432 197
432 406
432 764
433 86
433 332
433 452
433 568
434 159
434 459
434 654
434 725
435 21
435 38
435 84
435 744
436 134
436 364
436 681
436 900
437 98
437 125
437 711
437 717
438 31
438 199
438 419
438 658
439 28
439 101
439 333
439 368
440 163
440 379
440 622
440 1000
441 110
441 407
441 803
441 848
442 275
442 344
442 436
442 886
443 773
443 916
443 952
443 983
444 28
444 599
444 791
444 966
445 114
445 257
445 434
445 748
446 9
446 170
446 248
446 386
447 94
447 289
447 433
447 729
448 100
448 264
448 318
448 680
449 108
449 284
449 560
449 567
450 201
450 264
450 678
450 783
451 155
451 280
451 611
451 681
452 162
452 777
452 798
452 876
453 191
453 525
453 959
453 980
454 390
454 417
454 851
454 868
455 50
455 265
455 348
455 991
456 442
456 558
456 620
456 960
457 298
457 344
457 601
457 660
458 248
458 344
458 683
458 833
459 81
459 206
459 666
459 676
460 214
460 237
460 504
460 890
461 9
461 113
461 699
461 989
462 348
462 635
462 819
462 868
463 319
463 462
463 823
463 995
464 270
464 430
464 488
464 849
465 303
465 350
465 529
465 752
466 107
466 149
466 592
466 938
467 304
467 568
467 621
467 950
468 163
468 490
468 620
468 712
469 396
469 687
469 823
469 832
470 732
470 931
470 946
470 953
471 326
471 476
471 768
471 853
472 16
472 548
472 795
472 837
473 337
473 528
473 584
473 928
474 248
474 340
474 461
474 642
475 261
475 658
475 676
475 918
476 1
476 571
476 682
476 848
477 79
477 326
477 569
477 964
478 238
478 244
478 422
478 835
479 450
479 525
479 876
479 929
480 88
480 219
480 423
480 888
481 313
481 666
481 827
481 854
482 139
482 197
482 383
482 950
483 37
483 65
483 240
483 494
484 211
484 376
484 701
484 995
485 34
485 796
485 847
485 927
486 23
486 230
486 415
486 780
487 264
487 311
487 401
487 588
488 387
488 551
488 554
488 607
489 59
489 271
489 733
489 984
490 177
490 303
490 403
490 920
491 187
491 221
491 239
491 805
492 348
492 367
492 747
492 779
493 147
493 487
493 550
493 588
494 29
494 291
494 396
494 701
495 169
495 707
495 735
495 771
496 171
496 190
496 306
496 998
497 221
497 315
497 477
497 664
498 276
498 398
498 505
498 950
499 385
499 774
499 886
499 892
500 80
500 510
500 578
500 804
501 186
501 526
501 846
501 856
502 227
502 460
502 531
502 753
503 183
503 473
503 609
503 639
504 67
504 109
504 405
504 716
505 46
505 338
505 557
505 576
506 359
506 443
506 681
506 990
507 245
507 275
507 399
507 588
508 564
508 652
508 701
508 816
509 36
509 292
509 317
509 750
510 138
510 698
510 732
510 885
511 259
511 467
511 666
511 882
512 82
512 457
512 662
512 759
513 184
513 408
513 481
513 864
514 113
514 452
514 574
514 728
515 10
515 353
515 498
515 726
516 3
516 72
516 527
516 748
517 166
517 544
517 563
517 726
518 214
518 315
518 569
518 941
519 462
519 657
519 666
519 950
520 63
520 331
520 459
520 580
521 374
521 392
521 403
521 612
522 124
522 399
522 592
522 858
523 343
523 515
523 825
523 993
524 314
524 386
524 513
524 898
525 48
525 108
525 703
525 840
526 522
526 675
526 749
526 846
527 58
527 232
527 287
527 546
528 211
528 349
528 480
528 514
529 529
529 758
529 777
529 965
530 26
530 386
530 548
530 659
531 199
531 386
531 872
531 988
532 672
532 860
532 872
532 891
533 129
533 273
533 750
533 964
534 211
534 293
534 414
534 750
535 56
535 91
535 610
535 973
536 289
536 320
536 738
536 792
537 415
537 468
537 527
537 798
538 202
538 641
538 684
538 820
539 88
539 724
539 847
539 912
540 271
540 408
540 524
540 931
541 70
541 382
541 800
541 810
542 72
542 74
542 518
542 586
543 89
543 257
543 783
543 898
544 189
544 248
544 252
544 869
545 471
545 486
545 686
545 1000
546 80
546 119
546 189
546 396
547 9
547 26
547 72
547 112
548 43
548 212
548 536
548 931
549 24
549 53
549 104
549 290
550 117
550 663
550 666
550 941
551 169
551 170
551 177
551 783
552 214
552 265
552 306
552 915
553 54
553 273
553 549
553 778
554 33
554 461
554 754
554 945
555 150
555 155
555 177
555 688
556 324
556 470
556 591
556 757
557 159
557 162
557 197
557 675
558 10
558 388
558 486
558 571
559 31
559 44
559 132
559 138
560 242
560 513
560 940
560 961
561 231
561 436
561 718
561 781
562 488
562 546
562 919
562 988
563 519
563 525
563 707
563 833
564 71
564 104
564 552
564 915
565 278
565 529
565 635
565 697
566 91
566 285
566 462
566 685
567 773
567 796
567 810
567 978
568 511
568 551
568 720
568 726
569 200
569 273
569 717
569 1000
570 510
570 600
570 783
570 874
571 181
571 489
571 686
571 866
572 376
572 451
572 524
572 987
573 256
573 607
573 630
573 935
574 299
574 615
574 937
574 983
575 350
575 441
575 665
575 942
576 96
576 214
576 364
576 403
577 49
577 101
577 410
577 611
578 430
578 628
578 883
578 991
579 14
579 69
579 496
579 546
580 104
580 283
580 434
580 619
581 275
581 467
581 611
581 1000
582 498
582 586
582 696
582 766
583 189
583 246
583 425
583 875
584 81
584 331
584 556
584 572
585 4
585 362
585 492
585 937
586 101
586 406
586 552
586 714
587 370
587 466
587 594
587 789
588 373
588 414
588 592
588 980
589 201
589 718
589 841
589 891
590 356
590 581
590 857
590 914
591 232
591 308
591 638
591 697
592 218
592 223
592 619
592 780
593 547
593 714
593 785
593 808
594 109
594 373
594 465
594 693
595 212
595 335
595 364
595 791
596 56
596 163
596 352
596 568
597 311
597 466
597 607
597 969
598 43
598 219
598 383
598 846
599 35
599 489
599 490
599 587
600 221
600 274
600 597
600 961
601 230
601 367
601 558
601 659
602 197
602 214
602 711
602 980
603 506
603 630
603 924
603 938
604 320
604 451
604 879
604 929
605 34
605 329
605 895
605 920
606 101
606 322
606 514
606 675
607 159
607 341
607 849
607 853
608 61
608 508
608 653
608 810
609 72
609 131
609 336
609 774
610 135
610 205
610 569
610 705
611 354
611 376
611 439
611 736
612 103
612 244
612 694
612 914
613 141
613 288
613 356
613 685
614 323
614 350
614 557
614 921
615 401
615 484
615 634
615 905
616 162
616 525
616 653
616 892
617 34
617 369
617 580
617 710
618 240
618 261
618 486
618 817
619 101
619 395
619 480
619 736
620 34
620 418
620 515
620 710
621 162
621 522
621 565
621 709
622 13
622 478
622 708
622 724
623 229
623 698
623 812
623 829
624 326
624 620
624 644
624 914
625 70
625 222
625 399
625 591
626 216
626 447
626 883
626 929
627 313
627 675
627 922
627 992
628 92
628 402
628 541
628 790
629 105
629 161
629 720
629 800
630 138
630 396
630 440
630 456
631 495
631 625
631 711
631 958
632 259
632 276
632 397
632 960
633 350
633 374
633 568
633 700
634 202
634 238
634 580
634 936
635 252
635 453
635 888
635 901
636 148
636 287
636 735
636 777
637 155
637 270
637 275
637 914
638 97
638 355
638 479
638 622
639 220
639 320
639 402
639 450
640 16
640 416
640 721
640 904
641 94
641 305
641 451
641 712
642 324
642 411
642 731
642 766
643 159
643 488
643 574
643 975
644 295
644 629
644 724
644 741
645 249
645 478
645 638
645 961
646 317
646 526
646 734
646 805
647 20
647 299
647 466
647 831
648 340
648 804
648 927
648 973
649 218
649 310
649 360
649 985
650 185
650 617
650 672
650 906
651 69
651 402
651 404
651 429
652 94
652 772
652 805
652 934
653 10
653 34
653 147
653 294
654 243
654 562
654 726
654 749
655 400
655 441
655 735
655 890
656 249
656 319
656 828
656 930
657 141
657 228
657 755
657 826
658 410
658 591
658 811
658 908
659 150
659 581
659 685
659 836
660 58
660 330
660 498
660 985
661 260
661 657
661 788
661 935
662 340
662 622
662 770
662 919
663 391
663 577
663 665
663 730
664 319
664 341
664 900
664 996
665 288
665 572
665 762
665 925
666 455
666 549
666 680
666 774
667 182
667 514
667 554
667 713
668 192
668 511
668 562
668 947
669 21
669 26
669 855
669 898
670 361
670 432
670 494
670 975
671 129
671 204
671 346
671 512
672 147
672 254
672 450
672 795
673 80
673 235
673 397
673 400
674 429
674 718
674 744
674 783
675 476
675 702
675 756
675 929
676 226
676 308
676 501
676 611
677 370
677 550
677 595
677 916
678 115
678 720
678 745
678 855
679 274
679 765
679 831
679 879
680 95
680 177
680 742
680 847
681 118
681 634
681 831
681 936
682 59
682 233
682 434
682 970
683 413
683 751
683 774
683 997
684 324
684 350
684 553
684 737
685 38
685 547
685 584
685 728
686 542
686 720
686 786
686 963
687 194
687 213
687 497
687 593
688 205
688 789
688 850
688 985
689 55
689 203
689 888
689 937
690 537
690 634
690 664
690 980
691 136
691 212
691 809
691 915
692 468
692 581
692 642
692 785
693 600
693 665
693 765
693 997
694 316
694 559
694 712
694 720
695 107
695 718
695 744
695 915
696 387
696 509
696 608
696 725
697 52
697 189
697 203
697 206
698 113
698 443
698 506
698 845
699 158
699 493
699 718
699 836
700 306
700 609
700 818
700 920
701 40
701 339
701 895
701 936
702 270
702 617
702 841
702 991
703 224
703 660
703 704
703 839
704 533
704 669
704 729
704 918
705 251
705 271
705 332
705 530
706 333
706 642
706 739
706 869
707 102
707 390
707 408
707 517
708 238
708 846
708 864
708 879
709 286
709 725
709 747
709 882
710 34
710 828
710 839
710 906
711 175
711 519
711 521
711 948
712 449
712 464
712 537
712 954
713 12
713 411
713 539
713 858
714 352
714 450
714 609
714 892
715 206
715 499
715 829
715 987
716 178
716 532
716 689
716 923
717 464
717 842
717 893
717 999
718 11
718 31
718 413
718 821
719 21
719 93
719 96
719 730
720 72
720 86
720 173
720 763
721 339
721 462
721 498
721 814
722 325
722 344
722 423
722 818
723 207
723 269
723 432
723 993
724 451
724 680
724 719
724 876
725 114
725 170
725 273
725 899
726 196
726 514
726 627
726 745
727 186
727 479
727 534
727 665
728 375
728 729
728 758
728 944
729 34
729 480
729 517
729 831
730 67
730 213
730 816
730 986
731 14
731 223
731 321
731 590
732 416
732 704
732 889
732 953
733 74
733 130
733 361
733 664
734 194
734 379
734 871
734 928
735 331
735 683
735 695
735 714
736 447
736 669
736 735
736 810
737 318
737 323
737 577
737 878
738 392
738 416
738 755
738 768
739 308
739 356
739 675
739 777
740 359
740 374
740 453
740 911
741 545
741 718
741 971
741 978
742 151
742 260
742 419
742 689
743 136
743 179
743 185
743 828
744 147
744 433
744 450
744 986
745 140
745 485
745 824
745 917
746 106
746 599
746 731
746 755
747 420
747 486
747 685
747 938
748 471
748 484
748 603
748 826
749 529
749 672
749 804
749 996
750 644
750 686
750 914
750 933
751 306
751 355
751 665
751 952
752 346
752 405
752 824
752 846
753 133
753 392
753 501
753 523
754 28
754 323
754 685
754 835
755 608
755 871
755 880
755 976
756 530
756 543
756 680
756 955
757 240
757 663
757 887
757 989
758 358
758 500
758 569
758 815
759 227
759 399
759 472
759 994
760 203
760 368
760 816
760 942
761 439
761 533
761 881
761 951
762 88
762 179
762 838
762 883
763 177
763 575
763 824
763 907
764 148
764 452
764 470
764 763
765 101
765 139
765 222
765 371
766 29
766 246
766 473
766 955
767 226
767 412
767 614
767 735
768 230
768 369
768 776
768 983
769 14
769 85
769 581
769 951
770 165
770 453
770 613
770 665
771 264
771 363
771 482
771 896
772 32
772 338
772 955
772 960
773 266
773 273
773 613
773 848
774 437
774 514
774 781
774 792
775 16
775 361
775 451
775 615
776 2
776 239
776 358
776 855
777 47
777 344
777 790
777 1000
778 38
778 109
778 219
778 608
779 155
779 314
779 485
779 827
780 127
780 303
780 529
780 534
781 212
781 663
781 696
781 885
782 7
782 290
782 840
782 875
783 185
783 756
783 813
783 883
784 68
784 256
784 267
784 707
785 370
785 383
785 472
785 603
786 237
786 495
786 920
786 977
787 295
787 501
787 669
787 704
788 458
788 688
788 723
788 751
789 122
789 173
789 396
789 967
790 115
790 172
790 471
790 991
791 440
791 607
791 778
791 819
792 277
792 334
792 822
792 858
793 67
793 386
793 692
793 766
794 26
794 100
794 143
794 759
795 419
795 595
795 680
795 922
796 451
796 493
796 665
796 974
797 31
797 95
797 232
797 459
798 677
798 837
798 926
798 997
799 132
799 765
799 863
799 991
800 498
800 603
800 633
800 941
801 297
801 678
801 769
801 993
802 366
802 489
802 617
802 909
803 101
803 351
803 356
803 511
804 91
804 323
804 853
804 984
805 28
805 152
805 428
805 700
806 44
806 55
806 498
806 824
807 448
807 671
807 685
807 906
808 309
808 557
808 937
808 999
809 194
809 629
809 772
809 807
810 321
810 606
810 863
810 932
811 276
811 694
811 732
811 951
812 290
812 445
812 803
812 873
813 90
813 317
813 480
813 637
814 47
814 293
814 418
814 843
815 157
815 188
815 285
815 294
816 116
816 237
816 612
816 969
817 584
817 613
817 847
817 933
818 54
818 366
818 562
818 763
819 108
819 476
819 528
819 793
820 406
820 449
820 497
820 727
821 204
821 508
821 755
821 862
822 158
822 180
822 439
822 873
823 204
823 504
823 727
823 1000
824 3
824 373
824 624
824 809
825 11
825 328
825 364
825 752
826 35
826 469
826 930
826 934
827 122
827 423
827 850
827 853
828 384
828 703
828 778
828 801
829 140
829 565
829 649
829 866
830 109
830 262
830 440
830 747
831 198
831 335
831 426
831 515
832 110
832 425
832 596
832 726
833 108
833 448
833 571
833 934
834 46
834 87
834 154
834 681
835 104
835 180
835 235
835 444
836 171
836 488
836 631
836 728
837 439
837 456
837 522
837 687
838 31
838 71
838 398
838 445
839 120
839 124
839 192
839 374
840 168
840 308
840 621
840 708
841 145
841 486
841 817
841 853
842 13
842 425
842 650
842 905
843 364
843 439
843 508
843 634
844 258
844 355
844 453
844 494
845 185
845 441
845 617
845 805
846 126
846 140
846 543
846 955
847 103
847 384
847 399
847 984
848 49
848 812
848 974
848 986
849 349
849 427
849 689
849 797
850 124
850 193
850 744
850 870
851 558
851 591
851 862
851 891
852 39
852 162
852 279
852 832
853 231
853 718
853 767
853 877
854 24
854 558
854 640
854 684
855 55
855 84
855 507
855 670
856 99
856 229
856 330
856 493
857 18
857 707
857 849
857 893
858 570
858 701
858 725
858 792
859 120
859 850
859 932
859 971
860 214
860 424
860 562
860 843
861 27
861 487
861 522
861 869
862 223
862 414
862 416
862 798
863 11
863 112
863 378
863 797
864 193
864 256
864 630
864 659
865 181
865 187
865 559
865 776
866 284
866 511
866 746
866 892
867 375
867 402
867 544
867 648
868 346
868 681
868 794
868 910
869 563
869 569
869 798
869 849
870 317
870 342
870 478
870 560
871 237
871 246
871 393
871 566
872 15
872 361
872 454
872 566
873 8
873 198
873 373
873 758
874 78
874 261
874 880
874 897
875 422
875 465
875 656
875 981
876 60
876 362
876 421
876 902
877 41
877 173
877 197
877 948
878 307
878 369
878 387
878 774
879 175
879 238
879 405
879 505
880 223
880 280
880 287
880 412
881 92
881 379
881 417
881 502
882 109
882 513
882 603
882 986
883 120
883 490
883 769
883 911
884 206
884 342
884 355
884 441
885 247
885 327
885 337
885 391
886 134
886 145
886 216
886 268
887 174
887 238
887 620
887 688
888 353
888 382
888 789
888 930
889 176
889 186
889 279
889 582
890 248
890 469
890 498
890 744
891 468
891 483
891 588
891 805
892 114
892 271
892 701
892 753
893 409
893 460
893 758
893 989
894 160
894 250
894 551
894 946
895 49
895 187
895 188
895 839
896 38
896 566
896 918
896 933
897 104
897 244
897 407
897 692
898 85
898 338
898 630
898 850
899 229
899 376
899 711
899 822
900 215
900 651
900 667
900 711
901 271
901 356
901 859
901 970
902 35
902 120
902 121
902 396
903 144
903 571
903 689
903 854
904 89
904 143
904 455
904 722
905 219
905 382
905 673
905 831
906 90
906 469
906 485
906 740
907 400
907 584
907 616
907 999
908 157
908 202
908 357
908 776
909 70
909 92
909 217
909 323
910 114
910 836
910 893
910 987
911 331
911 536
911 711
911 855
912 40
912 89
912 489
912 815
913 376
913 490
913 614
913 951
914 355
914 402
914 500
914 902
915 62
915 337
915 678
915 775
916 25
916 249
916 548
916 630
917 259
917 576
917 588
917 921
918 294
918 295
918 445
918 761
919 499
919 712
919 753
919 807
920 30
920 99
920 253
920 671
921 33
921 605
921 725
921 776
922 118
922 294
922 706
922 836
923 95
923 117
923 321
923 388
924 391
924 510
924 669
924 940
925 137
925 724
925 858
925 949
926 180
926 590
926 608
926 692
927 104
927 224
927 333
927 562
928 110
928 384
928 750
928 766
929 164
929 609
929 923
929 943
930 229
930 281
930 290
930 698
931 206
931 834
931 943
931 968
932 70
932 263
932 422
932 755
933 229
933 717
933 972
933 987
934 50
934 184
934 417
934 985
935 111
935 116
935 415
935 476
936 24
936 320
936 626
936 800
937 254
937 492
937 555
937 628
938 253
938 405
938 892
938 901
939 283
939 319
939 359
939 731
940 103
940 388
940 681
940 709
941 382
941 426
941 597
941 714
942 370
942 416
942 983
942 991
943 54
943 65
943 271
943 796
944 53
944 98
944 766
944 795
945 71
945 314
945 405
945 604
946 85
946 320
946 454
946 779
947 288
947 296
947 775
947 856
948 339
948 368
948 819
948 867
949 44
949 592
949 689
949 771
950 147
950 461
950 801
950 843
951 138
951 192
951 299
951 655
952 131
952 310
952 447
952 673
953 120
953 443
953 706
953 908
954 442
954 845
954 918
954 945
955 199
955 421
955 691
955 830
956 439
956 563
956 602
956 957
957 424
957 476
957 638
957 742
958 102
958 126
958 224
958 801
959 150
959 435
959 573
959 780
960 207
960 218
960 364
960 940
961 107
961 169
961 354
961 392
962 303
962 411
962 540
962 597
963 407
963 877
963 954
963 999
964 308
964 342
964 478
964 684
965 402
965 595
965 737
965 739
966 33
966 283
966 419
966 750
967 127
967 494
967 613
967 785
968 76
968 135
968 232
968 748
969 83
969 92
969 687
969 812
970 112
970 708
970 737
970 846
971 388
971 560
971 721
971 866
972 359
972 434
972 692
972 933
973 7
973 84
973 355
973 453
974 162
974 403
974 594
974 909
975 244
975 640
975 650
975 660
976 248
976 346
976 428
976 737
977 294
977 318
977 449
977 464
978 118
978 342
978 772
978 911
979 343
979 442
979 997
979 1000
980 376
980 410
980 957
980 989
981 557
981 738
981 878
981 947
982 187
982 284
982 397
982 905
983 196
983 342
983 440
983 998
984 494
984 603
984 901
984 956
985 20
985 316
985 466
985 947
986 6
986 296
986 633
986 826
987 360
987 553
987 569
987 847
988 79
988 145
988 223
988 782
989 102
989 220
989 227
989 522
990 183
990 186
990 686
990 776
991 355
991 519
991 565
991 929
992 91
992 516
992 968
992 969
993 537
993 590
993 858
993 881
994 313
994 578
994 889
994 966
995 248
995 440
995 491
995 918
996 129
996 282
996 689
996 851
997 247
997 598
997 729
997 761
998 683
998 770
998 799
998 814
999 344
999 362
999 435
999 514
1000 205
1000 244
1000 410
1000 931
