# The woods are lovely, dark and deep
# But I have promises to keep
# Size: 1000 And miles to go before I sleep
# And miles to go before I sleep
1 124
1 271
1 751
1 804
2 55
2 322
2 537
2 844
3 214
3 249
3 386
3 644
4 105
4 317
4 588
4 976
5 340
5 343
5 484
5 789
6 338
6 390
6 445
6 831
7 324
7 331
7 671
7 942
8 556
8 711
8 733
8 861
9 140
9 466
9 875
9 980
10 161
10 325
10 626
10 822
11 449
11 540
11 630
11 861
12 82
12 374
12 605
12 951
13 198
13 438
13 842
13 993
14 233
14 334
14 434
14 722
15 348
15 363
15 570
15 973
16 498
16 557
16 664
16 779
17 219
17 586
17 680
17 888
18 226
18 404
18 669
18 949
19 132
19 494
19 891
19 903
20 87
20 513
20 677
20 752
21 477
21 559
21 634
21 904
22 157
22 470
22 903
22 969
23 154
23 319
23 600
23 613
24 129
24 203
24 727
24 731
25 275
25 591
25 859
25 959
26 166
26 738
26 795
26 803
27 58
27 598
27 633
27 790
28 151
28 691
28 808
28 991
29 88
29 412
29 770
29 847
30 169
30 361
30 550
30 715
31 194
31 378
31 777
31 786
32 179
32 651
32 725
32 907
33 85
33 328
33 746
33 833
34 548
34 936
34 981
34 983
35 188
35 628
35 729
35 793
36 93
36 272
36 598
36 852
37 350
37 721
37 753
37 763
38 83
38 339
38 527
38 752
39 203
39 269
39 630
39 901
40 197
40 227
40 275
40 306
41 126
41 274
41 746
41 754
42 16
42 23
42 521
42 680
43 127
43 459
43 555
43 630
44 193
44 541
44 740
44 916
45 283
45 556
45 713
45 973
46 148
46 688
46 736
46 828
47 135
47 224
47 698
47 899
48 577
48 733
48 926
48 973
49 145
49 423
49 500
49 654
50 75
50 587
50 602
50 945
51 272
51 386
51 443
51 747
52 337
52 613
52 665
52 864
53 299
53 367
53 753
53 995
54 133
54 590
54 725
54 922
55 709
55 723
55 729
55 810
56 372
56 413
56 707
56 946
57 203
57 232
57 796
57 937
58 21
58 288
58 471
58 491
59 4
59 166
59 637
59 749
60 106
60 250
60 545
60 688
61 242
61 328
61 778
61 795
62 112
62 362
62 615
62 760
63 822
63 872
63 896
63 915
64 269
64 280
64 510
64 689
65 229
65 501
65 606
65 719
66 109
66 332
66 481
66 510
67 43
67 111
67 117
67 474
68 130
68 363
68 512
68 954
69 63
69 307
69 327
69 759
70 21
70 582
70 592
70 884
71 299
71 438
71 585
71 764
72 97
72 217
72 276
72 385
73 19
73 128
73 468
73 810
74 88
74 360
74 671
74 830
75 194
75 415
75 589
75 743
76 264
76 752
76 754
76 997
77 23
77 172
77 414
77 816
78 95
78 247
78 268
78 978
79 268
79 430
79 758
79 962
80 9
80 575
80 753
80 929
81 416
81 441
81 499
81 696
82 79
82 650
82 703
82 727
83 272
83 539
83 884
83 977
84 143
84 163
84 237
84 628
85 75
85 342
85 886
85 949
86 407
86 539
86 710
86 742
87 403
87 731
87 804
87 869
88 170
88 285
88 735
88 860
89 123
89 370
89 873
89 925
90 140
90 391
90 483
90 646
91 22
91 211
91 799
91 813
92 4
92 385
92 676
92 731
93 338
93 478
93 526
93 957
94 191
94 341
94 471
94 926
95 141
95 211
95 647
95 905
96 145
96 449
96 574
96 598
97 51
97 182
97 303
97 689
98 105
98 471
98 588
98 867
99 92
99 417
99 655
99 702
100 224
100 615
100 731
100 864
101 63
101 336
101 502
101 546
102 252
102 513
102 531
102 892
103 29
103 582
103 890
103 987
104 5
104 313
104 885
104 972
105 130
105 205
105 307
105 613
106 394
106 402
106 486
106 858
107 645
107 930
107 973
107 997
108 258
108 314
108 361
108 475
109 377
109 681
109 824
109 825
110 158
110 171
110 210
110 867
111 393
111 537
111 575
111 811
112 59
112 131
112 507
112 752
113 431
113 692
113 898
113 985
114 389
114 431
114 829
114 943
115 345
115 558
115 723
115 898
116 151
116 320
116 591
116 816
117 29
117 212
117 282
117 341
118 13
118 52
118 333
118 339
119 296
119 497
119 573
119 775
120 5
120 674
120 779
120 980
121 277
121 388
121 655
121 783
122 330
122 405
122 463
122 991
123 248
123 551
123 649
123 808
124 230
124 467
124 759
124 778
125 23
125 149
125 543
125 690
126 91
126 169
126 428
126 899
127 168
127 380
127 514
127 564
128 386
128 474
128 536
128 739
129 56
129 350
129 770
129 828
130 53
130 218
130 916
130 971
131 307
131 313
131 496
131 705
132 1
132 498
132 655
132 883
133 159
133 562
133 659
133 775
134 201
134 308
134 606
134 648
135 24
135 176
135 402
135 788
136 84
136 373
136 791
136 923
137 104
137 123
137 888
137 908
138 379
138 464
138 798
138 936
139 279
139 340
139 365
139 621
140 62
140 254
140 482
140 728
141 183
141 262
141 517
141 810
142 199
142 516
142 627
142 745
143 269
143 426
143 629
143 772
144 344
144 391
144 395
144 440
145 28
145 753
145 795
145 839
146 44
146 663
146 951
146 956
147 284
147 324
147 466
147 831
148 181
148 333
148 637
148 870
149 196
149 306
149 592
149 882
150 183
150 591
150 608
150 683
151 603
151 604
151 770
151 951
152 147
152 185
152 368
152 935
153 323
153 425
153 615
153 746
154 173
154 219
154 310
154 458
155 11
155 345
155 371
155 465
156 228
156 364
156 366
156 613
157 316
157 601
157 688
157 972
158 205
158 270
158 618
158 925
159 298
159 679
159 761
159 1000
160 82
160 761
160 846
160 889
161 105
161 159
161 509
161 692
162 198
162 631
162 773
162 800
163 139
163 311
163 614
163 901
164 354
164 535
164 597
164 833
165 523
165 812
165 910
165 945
166 80
166 527
166 775
166 816
167 755
167 813
167 912
167 917
168 226
168 314
168 343
168 661
169 12
169 407
169 753
169 998
170 87
170 390
170 447
170 807
171 43
171 184
171 387
171 995
172 238
172 377
172 456
172 966
173 381
173 777
173 938
173 948
174 695
174 763
174 848
174 871
175 245
175 366
175 756
175 907
176 354
176 588
176 808
176 911
177 241
177 517
177 644
177 726
178 63
178 433
178 521
178 925
179 275
179 340
179 448
179 471
180 53
180 157
180 162
180 483
181 214
181 407
181 465
181 934
182 34
182 101
182 157
182 973
183 20
183 87
183 304
183 317
184 434
184 605
184 784
184 802
185 143
185 346
185 441
185 790
186 98
186 332
186 483
186 605
187 251
187 312
187 568
187 740
188 78
188 551
188 586
188 846
189 157
189 434
189 528
189 826
190 39
190 59
190 344
190 350
191 131
191 394
191 818
191 989
192 43
192 70
192 645
192 951
193 395
193 502
193 570
193 926
194 237
194 376
194 720
194 813
195 311
195 556
195 739
195 757
196 257
196 560
196 574
196 946
197 76
197 507
197 950
197 967
198 165
198 279
198 934
198 970
199 66
199 99
199 135
199 341
200 227
200 589
200 597
200 776
201 112
201 355
201 586
201 963
202 110
202 544
202 777
202 808
203 163
203 368
203 384
203 913
204 11
204 64
204 119
204 263
205 242
205 283
205 412
205 915
206 136
206 226
206 238
206 571
207 7
207 48
207 77
207 209
208 94
208 352
208 353
208 799
209 195
209 196
209 349
209 822
210 76
210 467
210 732
210 775
211 133
211 166
211 490
211 765
212 10
212 126
212 523
212 962
213 344
213 764
213 799
213 840
214 24
214 449
214 705
214 845
215 61
215 156
215 382
215 432
216 217
216 363
216 818
216 850
217 258
217 266
217 916
217 933
218 44
218 78
218 349
218 974
219 333
219 697
219 717
219 824
220 16
220 170
220 223
220 334
221 250
221 503
221 821
221 922
222 120
222 294
222 650
222 814
223 411
223 437
223 682
223 716
224 9
224 405
224 690
224 826
225 220
225 307
225 461
225 892
226 21
226 397
226 426
226 772
227 137
227 481
227 692
227 879
228 264
228 339
228 363
228 426
229 470
229 739
229 794
229 820
230 306
230 757
230 790
230 998
231 394
231 408
231 648
231 937
232 512
232 766
232 962
232 988
233 370
233 452
233 515
233 842
234 669
234 694
234 740
234 800
235 267
235 425
235 578
235 793
236 155
236 299
236 482
236 968
237 218
237 509
237 595
237 702
238 333
238 538
238 560
238 872
239 294
239 354
239 847
239 939
240 91
240 648
240 695
240 871
241 154
241 383
241 461
241 733
242 189
242 232
242 570
242 805
243 41
243 277
243 288
243 492
244 275
244 469
244 689
244 924
245 10
245 328
245 433
245 528
246 119
246 147
246 552
246 794
247 139
247 208
247 697
247 962
248 189
248 312
248 585
248 630
249 502
249 511
249 535
249 595
250 159
250 183
250 366
250 371
251 62
251 288
251 325
251 470
252 102
252 267
252 830
252 916
253 515
253 717
253 720
253 780
254 177
254 684
254 800
254 842
255 50
255 85
255 404
255 647
256 120
256 243
256 894
256 943
257 179
257 220
257 435
257 941
258 475
258 478
258 916
258 954
259 755
259 881
259 921
259 1000
260 19
260 582
260 699
260 858
261 182
261 327
261 803
261 816
262 50
262 266
262 432
262 743
263 224
263 412
263 494
263 923
264 126
264 278
264 524
264 949
265 26
265 475
265 665
265 965
266 66
266 316
266 561
266 570
267 16
267 35
267 68
267 893
268 324
268 801
268 861
268 910
269 303
269 315
269 550
269 885
270 171
270 213
270 384
270 596
271 62
271 372
271 925
271 992
272 330
272 489
272 513
272 628
273 440
273 766
273 920
273 991
274 28
274 547
274 839
274 943
275 179
275 350
275 758
275 843
276 95
276 626
276 669
276 869
277 156
277 297
277 768
277 813
278 97
278 603
278 772
278 804
279 51
279 199
279 400
279 568
280 129
280 238
280 509
280 676
281 152
281 333
281 531
281 888
282 135
282 635
282 717
282 764
283 145
283 221
283 691
283 735
284 46
284 120
284 144
284 761
285 64
285 536
285 744
285 834
286 94
286 96
286 386
286 593
287 181
287 215
287 554
287 701
288 65
288 201
288 246
288 383
289 45
289 331
289 343
289 653
290 100
290 228
290 616
290 900
291 116
291 563
291 912
291 964
292 4
292 137
292 143
292 642
293 165
293 264
293 710
293 928
294 11
294 89
294 269
294 864
295 176
295 477
295 568
295 985
296 639
296 713
296 789
296 892
297 96
297 369
297 379
297 899
298 438
298 726
298 911
298 922
299 51
299 268
299 508
299 640
300 61
300 475
300 753
300 934
301 86
301 838
301 859
301 941
302 580
302 664
302 777
302 900
303 316
303 450
303 547
303 739
304 56
304 501
304 724
304 984
305 252
305 366
305 424
305 845
306 3
306 171
306 634
306 802
307 72
307 184
307 791
307 854
308 288
308 330
308 563
308 866
309 10
309 641
309 849
309 994
310 77
310 362
310 773
310 847
311 47
311 208
311 556
311 905
312 761
312 817
312 868
312 901
313 135
313 348
313 444
313 838
314 183
314 371
314 676
314 779
315 64
315 602
315 655
315 720
316 306
316 493
316 600
316 972
317 235
317 829
317 893
317 958
318 19
318 467
318 633
318 777
319 93
319 116
319 167
319 760
320 478
320 651
320 692
320 781
321 247
321 598
321 623
321 868
322 304
322 376
322 397
322 555
323 90
323 749
323 865
323 933
324 344
324 552
324 657
324 924
325 60
325 396
325 900
325 999
326 371
326 516
326 887
326 997
327 605
327 729
327 876
327 903
328 360
328 486
328 722
328 796
329 48
329 222
329 804
329 907
330 9
330 137
330 314
330 545
331 62
331 362
331 697
331 833
332 272
332 407
332 781
332 806
333 83
333 314
333 459
333 1000
334 26
334 187
334 501
334 735
335 27
335 206
335 887
335 981
336 74
336 88
336 169
336 783
337 233
337 376
337 504
337 794
338 145
338 200
338 401
338 432
339 277
339 385
339 741
339 776
340 353
340 503
340 722
340 935
341 256
341 300
341 627
341 868
342 50
342 51
342 649
342 974
343 519
343 621
343 622
343 637
344 57
344 195
344 306
344 357
345 124
345 305
345 569
345 631
346 175
346 349
346 409
346 865
347 147
347 622
347 685
347 811
348 56
348 371
348 391
348 552
349 163
349 271
349 385
349 767
350 359
350 405
350 560
350 743
351 4
351 367
351 371
351 429
352 99
352 406
352 636
352 874
353 67
353 712
353 921
353 950
354 347
354 373
354 546
354 905
355 408
355 596
355 839
355 857
356 253
356 315
356 406
356 986
357 57
357 185
357 518
357 761
358 231
358 322
358 511
358 962
359 191
359 331
359 515
359 824
360 123
360 203
360 335
360 666
361 67
361 451
361 581
361 999
362 397
362 459
362 711
362 893
363 164
363 255
363 553
363 650
364 8
364 377
364 909
364 957
365 269
365 271
365 365
365 718
366 141
366 437
366 454
366 495
367 136
367 768
367 819
367 929
368 40
368 148
368 297
368 587
369 140
369 334
369 449
369 894
370 286
370 376
370 396
370 842
371 126
371 720
371 870
371 990
372 210
372 243
372 393
372 997
373 173
373 589
373 633
373 919
374 301
374 455
374 635
374 899
375 168
375 221
375 337
375 992
376 69
376 79
376 126
376 356
377 287
377 681
377 744
377 785
378 204
378 235
378 362
378 494
379 93
379 263
379 331
379 438
380 67
380 467
380 648
380 918
381 30
381 706
381 728
381 935
382 283
382 369
382 779
382 858
383 5
383 396
383 884
383 982
384 33
384 341
384 800
384 901
385 9
385 646
385 697
385 936
386 454
386 552
386 611
386 850
387 18
387 280
387 510
387 787
388 360
388 535
388 645
388 711
389 44
389 437
389 628
389 855
390 102
390 257
390 904
390 992
391 61
391 172
391 895
391 990
392 437
392 609
392 666
392 952
393 435
393 650
393 681
393 727
394 289
394 415
394 443
394 889
395 51
395 155
395 572
395 783
396 121
396 145
396 775
396 837
397 470
397 734
397 850
397 1000
398 123
398 305
398 465
398 860
399 414
399 447
399 829
399 908
400 224
400 281
400 469
400 559
401 12
401 97
401 152
401 292
402 313
402 324
402 571
402 802
403 10
403 128
403 416
403 478
404 3
404 153
404 382
404 962
405 102
405 212
405 405
405 471
406 535
406 810
406 874
406 955
407 44
407 189
407 450
407 528
408 454
408 524
408 782
408 916
409 101
409 558
409 699
409 931
410 86
410 657
410 818
410 833
411 16
411 25
411 303
411 817
412 81
412 527
412 898
412 993
413 210
413 357
413 451
413 872
414 141
414 210
414 959
414 963
415 221
415 410
415 651
415 971
416 39
416 515
416 770
416 774
417 118
417 330
417 576
417 862
418 494
418 534
418 653
418 680
419 28
419 357
419 685
419 705
420 169
420 514
420 668
420 778
421 10
421 191
421 767
421 851
422 4
422 35
422 807
422 909
423 18
423 371
423 471
423 851
424 79
424 277
424 356
424 627
425 308
425 321
425 651
425 840
426 441
426 506
426 688
426 896
427 727
427 903
427 944
427 962
428 646
428 716
428 815
428 829
429 300
429 341
429 469
429 861
430 161
430 403
430 513
430 990
431 233
431 487
431 729
431 860
432 260
432 405
432 421
432 667
433 240
433 386
433 468
433 903
434 107
434 314
434 376
434 461
435 9
435 41
435 654
435 667
436 382
436 599
436 619
436 737
437 178
437 481
437 574
437 690
438 128
438 215
438 217
438 628
439 77
439 482
439 676
439 701
440 101
440 348
440 719
440 816
441 166
441 363
441 427
441 906
442 49
442 394
442 635
442 768
443 198
443 253
443 332
443 370
444 47
444 588
444 898
444 905
445 59
445 519
445 727
445 879
446 20
446 371
446 398
446 498
447 620
447 634
447 863
447 875
448 309
448 463
448 516
448 601
449 126
449 232
449 444
449 897
450 117
450 301
450 756
450 796
451 105
451 374
451 402
451 830
452 15
452 438
452 501
452 781
453 92
453 368
453 373
453 420
454 12
454 411
454 613
454 963
455 630
455 722
455 871
455 985
456 263
456 292
456 612
456 632
457 223
457 549
457 758
457 858
458 425
458 534
458 781
458 806
459 124
459 154
459 247
459 700
460 186
460 219
460 875
460 975
461 146
461 217
461 374
461 686
462 509
462 864
462 909
462 988
463 60
463 129
463 419
463 435
464 46
464 266
464 595
464 727
465 577
465 579
465 618
465 817
466 391
466 474
466 533
466 823
467 130
467 746
467 831
467 958
468 27
468 249
468 844
468 850
469 668
469 780
469 821
469 855
470 14
470 115
470 174
470 518
471 95
471 367
471 463
471 953
472 109
472 407
472 496
472 983
473 6
473 159
473 179
473 345
474 204
474 407
474 828
474 927
475 155
475 514
475 872
475 995
476 35
476 50
476 607
476 635
477 42
477 88
477 289
477 346
478 258
478 428
478 507
478 685
479 447
479 599
479 672
479 947
480 234
480 576
480 843
480 960
481 71
481 449
481 659
481 882
482 224
482 573
482 638
482 710
483 291
483 332
483 342
483 602
484 87
484 309
484 571
484 825
485 84
485 210
485 787
485 891
486 417
486 434
486 787
486 831
487 550
487 643
487 650
487 864
488 252
488 307
488 384
488 680
489 350
489 517
489 695
489 876
490 762
490 861
490 952
490 996
491 253
491 342
491 480
491 672
492 44
492 649
492 651
492 759
493 82
493 401
493 688
493 825
494 314
494 403
494 486
494 600
495 607
495 740
495 816
495 822
496 50
496 267
496 522
496 946
497 335
497 548
497 560
497 641
498 24
498 112
498 667
498 839
499 300
499 376
499 422
499 992
500 79
500 953
500 958
500 971
501 146
501 547
501 819
501 919
502 127
502 477
502 787
502 892
503 9
503 43
503 392
503 412
504 129
504 195
504 422
504 522
505 343
505 462
505 778
505 795
506 326
506 439
506 444
506 921
507 353
507 423
507 752
507 844
508 62
508 529
508 653
508 681
509 65
509 131
509 322
509 561
510 70
510 364
510 933
510 964
511 198
511 379
511 626
511 764
512 111
512 206
512 217
512 275
513 380
513 404
513 513
513 554
514 119
514 187
514 755
514 798
515 35
515 128
515 892
515 910
516 105
516 366
516 542
516 830
517 196
517 391
517 574
517 892
518 373
518 397
518 572
518 944
519 24
519 143
519 644
519 664
520 45
520 531
520 537
520 831
521 252
521 563
521 616
521 752
522 47
522 569
522 605
522 974
523 374
523 382
523 431
523 777
524 125
524 252
524 867
524 910
525 401
525 554
525 555
525 782
526 707
526 739
526 793
526 849
527 81
527 147
527 264
527 932
528 377
528 576
528 622
528 891
529 28
529 308
529 730
529 970
530 108
530 533
530 534
530 567
531 473
531 678
531 792
531 985
532 157
532 252
532 441
532 814
533 29
533 337
533 657
533 672
534 105
534 272
534 397
534 780
535 382
535 456
535 543
535 737
536 28
536 68
536 561
536 846
537 508
537 545
537 589
537 929
538 89
538 99
538 338
538 849
539 21
539 620
539 666
539 886
540 57
540 96
540 628
540 806
541 329
541 358
541 634
541 892
542 67
542 335
542 611
542 684
543 220
543 232
543 647
543 958
544 260
544 582
544 754
544 862
545 509
545 668
545 856
545 858
546 166
546 275
546 341
546 470
547 236
547 278
547 610
547 636
548 574
548 576
548 589
548 663
549 674
549 842
549 927
549 977
550 126
550 182
550 184
550 966
551 27
551 197
551 228
551 339
552 22
552 243
552 506
552 778
553 156
553 366
553 676
553 877
554 573
554 578
554 813
554 863
555 143
555 199
555 353
555 776
556 181
556 325
556 407
556 762
557 343
557 506
557 531
557 742
558 238
558 835
558 854
558 869
559 305
559 551
559 634
559 823
560 56
560 82
560 133
560 307
561 115
561 206
561 591
561 718
562 171
562 602
562 767
562 803
563 43
563 261
563 430
563 973
564 57
564 160
564 347
564 539
565 756
565 759
565 816
565 836
566 364
566 528
566 645
566 925
567 60
567 205
567 440
567 958
568 43
568 161
568 329
568 786
569 391
569 744
569 819
569 897
570 164
570 283
570 557
570 981
571 598
571 669
571 760
571 813
572 266
572 345
572 692
572 737
573 411
573 523
573 695
573 976
574 212
574 523
574 589
574 594
575 265
575 293
575 452
575 806
576 212
576 568
576 654
576 672
577 37
577 325
577 690
577 979
578 138
578 266
578 562
578 904
579 200
579 259
579 338
579 552
580 108
580 242
580 245
580 874
581 314
581 421
581 656
581 742
582 54
582 593
582 948
582 950
583 352
583 433
583 795
583 867
584 322
584 366
584 571
584 664
585 655
585 811
585 886
585 931
586 59
586 328
586 586
586 932
587 99
587 743
587 829
587 907
588 40
588 140
588 239
588 570
589 43
589 83
589 179
589 668
590 1
590 268
590 717
590 740
591 28
591 153
591 564
591 750
592 298
592 548
592 593
592 835
593 110
593 356
593 722
593 949
594 177
594 283
594 842
594 906
595 356
595 386
595 622
595 904
596 425
596 457
596 549
596 931
597 210
597 350
597 391
597 489
598 393
598 537
598 711
598 943
599 11
599 200
599 542
599 756
600 271
600 723
600 816
600 902
601 45
601 46
601 684
601 857
602 159
602 335
602 531
602 637
603 294
603 361
603 442
603 923
604 9
604 252
604 672
604 762
605 191
605 395
605 705
605 716
606 22
606 290
606 461
606 830
607 324
607 383
607 458
607 656
608 82
608 120
608 520
608 901
609 72
609 278
609 661
609 1000
610 94
610 409
610 772
610 783
611 65
611 441
611 558
611 738
612 433
612 588
612 736
612 812
613 60
613 280
613 294
613 731
614 31
614 698
614 723
614 955
615 39
615 156
615 394
615 473
616 118
616 248
616 691
616 776
617 89
617 332
617 803
617 916
618 139
618 279
618 347
618 401
619 444
619 751
619 906
619 954
620 772
620 814
620 879
620 917
621 218
621 289
621 466
621 823
622 54
622 891
622 975
622 977
623 726
623 738
623 762
623 972
624 220
624 335
624 696
624 729
625 204
625 393
625 944
625 968
626 99
626 496
626 889
626 974
627 107
627 255
627 410
627 690
628 263
628 529
628 601
628 681
629 340
629 602
629 712
629 778
630 790
630 808
630 861
630 969
631 268
631 615
631 872
631 989
632 7
632 268
632 285
632 568
633 190
633 338
633 604
633 808
634 58
634 108
634 359
634 558
635 71
635 139
635 169
635 429
636 50
636 261
636 511
636 570
637 4
637 177
637 749
637 784
638 74
638 247
638 802
638 957
639 67
639 181
639 208
639 790
640 405
640 708
640 774
640 921
641 63
641 446
641 753
641 794
642 28
642 39
642 186
642 326
643 94
643 125
643 208
643 488
644 111
644 221
644 404
644 606
645 210
645 332
645 422
645 819
646 64
646 398
646 439
646 881
647 183
647 184
647 260
647 824
648 261
648 665
648 719
648 813
649 308
649 387
649 581
649 848
650 262
650 435
650 893
650 950
651 26
651 81
651 465
651 953
652 132
652 166
652 249
652 568
653 306
653 545
653 585
653 785
654 14
654 455
654 458
654 817
655 109
655 232
655 651
655 671
656 95
656 210
656 860
656 898
657 280
657 451
657 650
657 723
658 331
658 646
658 934
658 996
659 409
659 525
659 648
659 758
660 397
660 477
660 727
660 886
661 64
661 301
661 312
661 437
662 132
662 384
662 632
662 925
663 93
663 330
663 584
663 891
664 500
664 556
664 844
664 946
665 124
665 321
665 499
665 968
666 47
666 261
666 299
666 875
667 449
667 472
667 740
667 826
668 182
668 513
668 821
668 823
669 279
669 505
669 836
669 920
670 15
670 443
670 526
670 957
671 268
671 595
671 658
671 980
672 65
672 620
672 649
672 753
673 385
673 437
673 593
673 994
674 155
674 258
674 393
674 674
675 198
675 429
675 741
675 859
676 105
676 435
676 571
676 824
677 323
677 364
677 407
677 911
678 396
678 785
678 930
678 958
679 50
679 61
679 313
679 440
680 186
680 275
680 384
680 452
681 499
681 636
681 720
681 862
682 227
682 542
682 574
682 768
683 184
683 190
683 398
683 753
684 147
684 363
684 462
684 551
685 321
685 612
685 614
685 913
686 126
686 202
686 374
686 833
687 271
687 472
687 575
687 819
688 150
688 431
688 883
688 990
689 52
689 389
689 449
689 457
690 46
690 192
690 364
690 889
691 194
691 282
691 872
691 949
692 9
692 154
692 324
692 631
693 14
693 732
693 788
693 840
694 176
694 226
694 334
694 538
695 138
695 200
695 515
695 975
696 256
696 583
696 684
696 882
697 348
697 523
697 717
697 853
698 142
698 204
698 402
698 482
699 88
699 254
699 306
699 755
700 319
700 631
700 695
700 761
701 263
701 423
701 469
701 984
702 309
702 541
702 835
702 987
703 215
703 602
703 806
703 863
704 304
704 534
704 837
704 890
705 495
705 637
705 688
705 772
706 121
706 283
706 620
706 738
707 4
707 51
707 161
707 471
708 58
708 294
708 461
708 645
709 26
709 459
709 561
709 1000
710 12
710 21
710 930
710 935
711 36
711 261
711 509
711 854
712 46
712 127
712 356
712 961
713 460
713 526
713 606
713 669
714 416
714 533
714 746
714 848
715 211
715 317
715 408
715 494
716 111
716 455
716 695
716 867
717 394
717 609
717 792
717 831
718 585
718 729
718 898
718 953
719 149
719 248
719 443
719 830
720 132
720 287
720 481
720 584
721 8
721 499
721 610
721 843
722 580
722 635
722 724
722 911
723 387
723 416
723 686
723 956
724 250
724 255
724 506
724 896
725 11
725 35
725 48
725 512
726 29
726 480
726 491
726 795
727 136
727 212
727 401
727 996
728 11
728 53
728 60
728 523
729 233
729 501
729 553
729 756
730 100
730 216
730 765
730 877
731 214
731 239
731 856
731 996
732 192
732 350
732 804
732 975
733 476
733 637
733 825
733 922
734 229
734 580
734 852
734 977
735 18
735 83
735 408
735 939
736 305
736 399
736 706
736 979
737 110
737 443
737 463
737 830
738 483
738 565
738 572
738 649
739 153
739 202
739 365
739 420
740 92
740 210
740 266
740 382
741 208
741 683
741 738
741 857
742 459
742 624
742 813
742 917
743 92
743 746
743 831
743 958
744 436
744 855
744 917
744 958
745 363
745 421
745 479
745 764
746 63
746 161
746 233
746 460
747 16
747 100
747 834
747 997
748 184
748 240
748 817
748 844
749 465
749 540
749 631
749 876
750 22
750 583
750 618
750 670
751 89
751 132
751 336
751 557
752 86
752 118
752 404
752 460
753 511
753 534
753 610
753 947
754 345
754 457
754 502
754 656
755 420
755 570
755 830
755 831
756 676
756 841
756 904
756 938
757 165
757 255
757 631
757 801
758 25
758 140
758 560
758 658
759 126
759 548
759 728
759 901
760 108
760 242
760 722
760 848
761 67
761 187
761 582
761 963
762 446
762 475
762 593
762 680
763 68
763 385
763 392
763 909
764 223
764 714
764 808
764 909
765 140
765 325
765 512
765 603
766 126
766 159
766 748
766 855
767 304
767 540
767 678
767 824
768 26
768 312
768 645
768 892
769 316
769 731
769 825
769 986
770 1
770 298
770 458
770 616
771 155
771 222
771 313
771 712
772 468
772 507
772 631
772 991
773 105
773 114
773 871
773 916
774 272
774 451
774 630
774 664
775 178
775 207
775 809
775 873
776 308
776 535
776 900
776 931
777 287
777 689
777 815
777 892
778 547
778 593
778 637
778 818
779 224
779 333
779 583
779 627
780 185
780 404
780 416
780 983
781 355
781 449
781 630
781 841
782 167
782 176
782 379
782 496
783 25
783 93
783 195
783 501
784 403
784 404
784 434
784 451
785 168
785 266
785 285
785 998
786 394
786 515
786 620
786 637
787 310
787 368
787 487
787 606
788 204
788 441
788 627
788 868
789 154
789 406
789 745
789 954
790 34
790 227
790 413
790 903
791 267
791 395
791 437
791 682
792 818
792 836
792 896
792 971
793 247
793 594
793 669
793 840
794 106
794 203
794 727
794 975
795 37
795 852
795 936
795 941
796 349
796 514
796 855
796 881
797 253
797 384
797 593
797 932
798 257
798 568
798 657
798 781
799 77
799 354
799 512
799 673
800 309
800 363
800 515
800 903
801 497
801 753
801 793
801 815
802 289
802 353
802 862
802 909
803 8
803 291
803 689
803 831
804 41
804 264
804 877
804 916
805 372
805 713
805 870
805 882
806 2
806 317
806 394
806 818
807 333
807 451
807 748
807 968
808 79
808 95
808 539
808 663
809 110
809 649
809 872
809 936
810 72
810 99
810 148
810 343
811 356
811 522
811 917
811 926
812 97
812 125
812 135
812 841
813 230
813 232
813 400
813 416
814 343
814 452
814 605
814 907
815 371
815 699
815 794
815 969
816 13
816 90
816 460
816 620
817 112
817 627
817 761
817 887
818 377
818 451
818 707
818 973
819 122
819 583
819 707
819 816
820 56
820 60
820 158
820 472
821 412
821 490
821 613
821 667
822 113
822 304
822 432
822 640
823 69
823 215
823 233
823 667
824 141
824 169
824 349
824 364
825 16
825 28
825 598
825 1000
826 683
826 832
826 846
826 856
827 185
827 314
827 336
827 767
828 368
828 582
828 676
828 690
829 157
829 474
829 722
829 963
830 70
830 502
830 621
830 988
831 385
831 429
831 631
831 651
832 67
832 924
832 945
832 970
833 82
833 423
833 443
833 964
834 78
834 452
834 549
834 862
835 161
835 499
835 585
835 685
836 121
836 155
836 178
836 583
837 188
837 343
837 386
837 980
838 424
838 462
838 866
838 970
839 318
839 421
839 513
839 568
840 608
840 632
840 766
840 877
841 542
841 591
841 634
841 676
842 377
842 574
842 962
842 969
843 347
843 574
843 604
843 805
844 137
844 150
844 322
844 526
845 156
845 398
845 455
845 696
846 164
846 165
846 365
846 586
847 515
847 675
847 876
847 953
848 164
848 459
848 600
848 619
849 628
849 738
849 846
849 910
850 4
850 37
850 239
850 314
851 36
851 466
851 690
851 834
852 460
852 926
852 937
852 984
853 227
853 732
853 870
853 943
854 242
854 320
854 912
854 955
855 174
855 588
855 714
855 976
856 25
856 508
856 653
856 931
857 47
857 113
857 396
857 779
858 139
858 238
858 487
858 853
859 174
859 272
859 489
859 856
860 16
860 89
860 201
860 482
861 302
861 354
861 698
861 861
862 107
862 383
862 422
862 746
863 28
863 417
863 776
863 883
864 76
864 399
864 586
864 604
865 166
865 257
865 555
865 733
866 126
866 365
866 453
866 964
867 142
867 270
867 457
867 497
868 391
868 426
868 717
868 938
869 13
869 268
869 292
869 381
870 159
870 442
870 816
870 832
871 204
871 445
871 466
871 943
872 458
872 565
872 711
872 980
873 301
873 337
873 502
873 853
874 139
874 335
874 766
874 781
875 331
875 531
875 681
875 858
876 34
876 693
876 797
876 850
877 344
877 423
877 787
877 800
878 151
878 491
878 656
878 732
879 181
879 239
879 353
879 383
880 36
880 87
880 108
880 360
881 43
881 64
881 323
881 526
882 48
882 329
882 738
882 839
883 302
883 373
883 441
883 450
884 81
884 662
884 899
884 948
885 167
885 446
885 593
885 869
886 46
886 65
886 408
886 677
887 222
887 532
887 543
887 859
888 197
888 379
888 423
888 817
889 78
889 164
889 475
889 555
890 65
890 270
890 824
890 849
891 160
891 171
891 270
891 981
892 83
892 630
892 704
892 813
893 252
893 281
893 317
893 563
894 405
894 561
894 792
894 947
895 680
895 749
895 775
895 924
896 156
896 352
896 548
896 679
897 563
897 602
897 631
897 1000
898 30
898 266
898 480
898 891
899 255
899 260
899 598
899 819
900 44
900 159
900 852
900 971
901 196
901 244
901 386
901 802
902 445
902 838
902 903
902 974
903 1
903 282
903 360
903 476
904 71
904 234
904 294
904 587
905 198
905 314
905 712
905 819
906 385
906 465
906 775
906 818
907 226
907 304
907 918
907 975
908 90
908 119
908 325
908 488
909 22
909 126
909 368
909 655
910 145
910 288
910 640
910 975
911 83
911 124
911 885
911 895
912 55
912 510
912 633
912 687
913 313
913 438
913 979
913 994
914 69
914 314
914 587
914 904
915 183
915 352
915 368
915 908
916 68
916 434
916 572
916 741
917 168
917 259
917 585
917 749
918 45
918 483
918 508
918 908
919 7
919 34
919 217
919 576
920 619
920 637
920 681
920 817
921 624
921 763
921 834
921 974
922 296
922 354
922 388
922 393
923 412
923 738
923 826
923 946
924 178
924 406
924 522
924 927
925 120
925 190
925 688
925 987
926 396
926 451
926 932
926 980
927 359
927 511
927 730
927 732
928 450
928 544
928 832
928 914
929 385
929 518
929 604
929 723
930 153
930 279
930 330
930 696
931 54
931 107
931 700
931 883
932 6
932 144
932 286
932 941
933 515
933 672
933 895
933 956
934 73
934 206
934 633
934 940
935 344
935 368
935 506
935 821
936 235
936 282
936 536
936 769
937 127
937 274
937 448
937 466
938 55
938 141
938 146
938 585
939 3
939 55
939 249
939 705
940 84
940 188
940 205
940 407
941 286
941 490
941 624
941 988
942 27
942 103
942 143
942 697
943 316
943 367
943 567
943 905
944 27
944 748
944 751
944 885
945 97
945 655
945 688
945 913
946 155
946 613
946 785
946 895
947 418
947 496
947 691
947 833
948 280
948 632
948 757
948 825
949 25
949 90
949 141
949 173
950 34
950 292
950 816
950 880
951 14
951 229
951 248
951 687
952 44
952 83
952 504
952 736
953 73
953 251
953 412
953 880
954 223
954 468
954 778
954 852
955 58
955 323
955 389
955 730
956 196
956 281
956 522
956 717
957 86
957 331
957 442
957 752
958 121
958 243
958 245
958 586
959 84
959 348
959 517
959 957
960 31
960 54
960 446
960 851
961 260
961 291
961 349
961 970
962 86
962 581
962 682
962 811
963 349
963 406
963 884
963 974
964 305
964 383
964 580
964 866
965 178
965 597
965 869
965 912
966 235
966 506
966 713
966 763
967 124
967 347
967 535
967 720
968 600
968 702
968 756
968 800
969 471
969 571
969 696
969 894
970 629
970 633
970 728
970 853
971 226
971 362
971 729
971 981
972 315
972 326
972 457
972 645
973 150
973 423
973 720
973 909
974 101
974 298
974 811
974 812
975 314
975 427
975 690
975 994
976 229
976 251
976 464
976 479
977 302
977 511
977 518
977 543
978 55
978 65
978 178
978 340
979 171
979 421
979 670
979 717
980 125
980 435
980 774
980 869
981 12
981 532
981 798
981 948
982 109
982 523
982 702
982 744
983 297
983 303
983 452
983 559
984 374
984 534
984 675
984 679
985 5
985 37
985 88
985 997
986 386
986 504
986 550
986 771
987 54
987 136
987 339
987 378
988 115
988 186
988 621
988 974
989 130
989 136
989 292
989 820
990 43
990 293
990 372
990 471
991 73
991 277
991 316
991 822
992 100
992 260
992 345
992 483
993 158
993 480
993 654
993 870
994 298
994 663
994 846
994 889
995 8
995 491
995 588
995 871
996 25
996 58
996 454
996 795
997 40
997 325
997 352
997 887
998 557
998 624
998 742
998 995
999 5
999 220
999 643
999 827
1000 205
1000 460
1000 728
1000 887
