# The woods are lovely, dark and deep
# But I have promises to keep
# Size: 1000 And miles to go before I sleep
# And miles to go before I sleep
1 199
1 739
1 811
1 909
2 72
2 596
2 824
2 984
3 215
3 571
3 722
3 756
4 144
4 372
4 379
4 489
5 50
5 329
5 345
5 844
6 304
6 514
6 637
6 989
7 186
7 672
7 787
7 910
8 475
8 495
8 579
8 995
9 172
9 398
9 656
9 754
10 402
10 756
10 777
10 788
11 37
11 149
11 698
11 979
12 357
12 382
12 497
12 583
13 310
13 552
13 703
13 774
14 178
14 425
14 498
14 565
15 104
15 185
15 750
15 864
16 60
16 261
16 871
16 975
17 241
17 627
17 635
17 838
18 261
18 279
18 801
18 880
19 77
19 229
19 658
19 912
20 179
20 441
20 513
20 635
21 103
21 409
21 567
21 746
22 30
22 417
22 478
22 624
23 395
23 442
23 538
23 774
24 150
24 159
24 431
24 637
25 59
25 128
25 253
25 354
26 161
26 600
26 650
26 665
27 177
27 269
27 305
27 679
28 169
28 626
28 638
28 773
29 142
29 954
29 967
29 981
30 244
30 247
30 281
30 947
31 35
31 173
31 503
31 679
32 289
32 623
32 638
32 833
33 161
33 266
33 544
33 909
34 78
34 674
34 816
34 843
35 295
35 561
35 717
35 810
36 316
36 419
36 568
36 789
37 81
37 857
37 915
37 993
38 116
38 297
38 771
38 778
39 32
39 118
39 327
39 964
40 27
40 512
40 519
40 945
41 9
41 84
41 408
41 636
42 56
42 549
42 804
42 992
43 100
43 139
43 151
43 772
44 5
44 243
44 452
44 481
45 13
45 157
45 554
45 774
46 5
46 64
46 84
46 254
47 194
47 221
47 908
47 974
48 115
48 440
48 841
48 875
49 103
49 445
49 661
49 949
50 93
50 155
50 400
50 723
51 266
51 577
51 578
51 908
52 66
52 450
52 694
52 900
53 182
53 213
53 257
53 319
54 148
54 207
54 335
54 353
55 2
55 568
55 799
55 864
56 126
56 281
56 552
56 973
57 439
57 646
57 700
57 732
58 81
58 303
58 412
58 631
59 243
59 321
59 365
59 563
60 149
60 245
60 808
60 931
61 101
61 152
61 162
61 697
62 21
62 173
62 387
62 479
63 260
63 672
63 742
63 974
64 66
64 128
64 145
64 280
65 136
65 517
65 594
65 945
66 222
66 260
66 575
66 615
67 126
67 213
67 307
67 340
68 331
68 332
68 562
68 634
69 14
69 23
69 102
69 838
70 342
70 635
70 766
70 985
71 22
71 166
71 564
71 630
72 150
72 263
72 359
72 893
73 192
73 311
73 817
73 947
74 120
74 461
74 513
74 553
75 79
75 312
75 313
75 889
76 227
76 342
76 875
76 917
77 58
77 182
77 471
77 958
78 462
78 667
78 777
78 986
79 22
79 363
79 534
79 633
80 155
80 433
80 743
80 777
81 33
81 275
81 379
81 424
82 396
82 616
82 684
82 968
83 281
83 390
83 479
83 735
84 534
84 709
84 729
84 994
85 35
85 233
85 492
85 615
86 104
86 445
86 699
86 748
87 11
87 249
87 254
87 426
88 95
88 185
88 230
88 567
89 345
89 535
89 646
89 994
90 149
90 202
90 392
90 529
91 32
91 274
91 754
91 885
92 63
92 234
92 564
92 565
93 96
93 360
93 435
93 591
94 124
94 677
94 845
94 898
95 209
95 300
95 878
95 891
96 214
96 296
96 470
96 815
97 388
97 391
97 518
97 929
98 358
98 474
98 639
98 983
99 101
99 711
99 736
99 987
100 369
100 415
100 637
100 941
101 177
101 228
101 854
101 939
102 314
102 569
102 690
102 967
103 61
103 77
103 127
103 162
104 108
104 174
104 706
104 798
105 211
105 250
105 289
105 963
106 319
106 434
106 561
106 961
107 290
107 408
107 615
107 789
108 427
108 483
108 908
108 973
109 132
109 302
109 358
109 969
110 604
110 795
110 808
110 953
111 294
111 344
111 441
111 704
112 169
112 255
112 584
112 918
113 348
113 479
113 817
113 877
114 547
114 682
114 794
114 863
115 263
115 284
115 619
115 709
116 70
116 408
116 632
116 950
117 70
117 313
117 438
117 915
118 289
118 785
118 970
118 971
119 38
119 55
119 487
119 583
120 141
120 700
120 926
120 986
121 229
121 479
121 696
121 736
122 123
122 464
122 466
122 498
123 160
123 301
123 870
123 965
124 181
124 730
124 856
124 875
125 258
125 676
125 697
125 814
126 40
126 433
126 439
126 715
127 124
127 215
127 598
127 743
128 346
128 772
128 961
128 972
129 383
129 449
129 895
129 988
130 506
130 545
130 706
130 739
131 217
131 472
131 759
131 761
132 70
132 642
132 818
132 917
133 10
133 78
133 132
133 478
134 247
134 267
134 421
134 510
135 295
135 372
135 550
135 939
136 206
136 725
136 799
136 929
137 258
137 524
137 835
137 880
138 148
138 161
138 833
138 840
139 257
139 396
139 404
139 834
140 111
140 261
140 527
140 872
141 132
141 274
141 699
141 999
142 95
142 325
142 654
142 761
143 267
143 591
143 653
143 748
144 23
144 528
144 764
144 980
145 78
145 88
145 545
145 694
146 91
146 238
146 656
146 813
147 25
147 132
147 281
147 523
148 5
148 276
148 979
148 1000
149 193
149 333
149 384
149 583
150 781
150 833
150 923
150 964
151 34
151 418
151 726
151 990
152 536
152 612
152 637
152 833
153 14
153 455
153 565
153 841
154 15
154 523
154 684
154 815
155 220
155 518
155 635
155 906
156 157
156 328
156 722
156 867
157 340
157 427
157 738
157 826
158 86
158 656
158 924
158 953
159 243
159 247
159 809
159 897
160 158
160 586
160 604
160 780
161 102
161 345
161 592
161 697
162 438
162 441
162 527
162 771
163 142
163 386
163 397
163 584
164 82
164 591
164 643
164 807
165 560
165 703
165 736
165 807
166 271
166 345
166 594
166 790
167 38
167 366
167 513
167 848
168 62
168 287
168 626
168 847
169 107
169 426
169 478
169 959
170 5
170 811
170 892
170 897
171 267
171 556
171 611
171 682
172 12
172 190
172 270
172 494
173 27
173 533
173 648
173 927
174 248
174 471
174 541
174 980
175 54
175 672
175 781
175 951
176 498
176 605
176 870
176 946
177 257
177 349
177 367
177 784
178 95
178 172
178 236
178 951
179 151
179 190
179 486
179 778
180 220
180 419
180 582
180 954
181 63
181 140
181 253
181 614
182 3
182 170
182 986
182 993
183 40
183 174
183 381
183 539
184 38
184 415
184 903
184 943
185 133
185 250
185 291
185 325
186 267
186 584
186 872
186 908
187 164
187 239
187 295
187 398
188 225
188 460
188 593
188 961
189 191
189 309
189 391
189 570
190 34
190 281
190 309
190 760
191 332
191 637
191 819
191 901
192 42
192 99
192 352
192 614
193 131
193 667
193 948
193 980
194 16
194 60
194 317
194 541
195 346
195 363
195 650
195 900
196 99
196 481
196 637
196 937
197 78
197 79
197 324
197 730
198 179
198 230
198 290
198 550
199 307
199 399
199 834
199 946
200 184
200 275
200 384
200 572
201 8
201 483
201 763
201 937
202 300
202 364
202 418
202 754
203 131
203 403
203 770
203 945
204 202
204 284
204 448
204 575
205 217
205 430
205 825
205 967
206 241
206 471
206 907
206 974
207 212
207 428
207 760
207 842
208 195
208 206
208 322
208 686
209 251
209 279
209 703
209 854
210 29
210 159
210 322
210 762
211 63
211 241
211 247
211 550
212 129
212 606
212 947
212 958
213 283
213 296
213 508
213 665
214 13
214 202
214 528
214 844
215 6
215 487
215 612
215 688
216 247
216 403
216 683
216 691
217 269
217 531
217 682
217 848
218 319
218 483
218 551
218 759
219 811
219 840
219 865
219 939
220 64
220 287
220 547
220 834
221 94
221 652
221 813
221 858
222 2
222 470
222 522
222 783
223 154
223 192
223 249
223 978
224 388
224 490
224 584
224 1000
225 31
225 247
225 722
225 749
226 148
226 301
226 568
226 811
227 61
227 651
227 825
227 963
228 219
228 315
228 952
228 980
229 191
229 259
229 679
229 751
230 213
230 490
230 715
230 920
231 40
231 689
231 879
231 890
232 155
232 753
232 939
232 981
233 98
233 277
233 647
233 863
234 141
234 542
234 553
234 869
235 72
235 634
235 728
235 743
236 89
236 415
236 624
236 693
237 166
237 190
237 353
237 659
238 319
238 531
238 913
238 992
239 197
239 212
239 291
239 888
240 31
240 305
240 325
240 345
241 300
241 571
241 589
241 866
242 190
242 455
242 620
242 978
243 40
243 581
243 789
243 800
244 207
244 581
244 948
244 991
245 451
245 466
245 732
245 881
246 41
246 52
246 383
246 820
247 118
247 511
247 737
247 984
248 36
248 198
248 554
248 690
249 271
249 346
249 398
249 559
250 106
250 371
250 784
250 900
251 232
251 251
251 508
251 996
252 11
252 44
252 341
252 511
253 183
253 637
253 789
253 889
254 69
254 199
254 476
254 988
255 98
255 787
255 872
255 970
256 135
256 566
256 703
256 805
257 67
257 482
257 494
257 894
258 119
258 374
258 462
258 577
259 486
259 514
259 768
259 837
260 2
260 630
260 635
260 760
261 186
261 310
261 682
261 796
262 319
262 845
262 890
262 966
263 478
263 842
263 864
263 998
264 276
264 601
264 775
264 836
265 299
265 431
265 529
265 931
266 47
266 219
266 246
266 504
267 73
267 639
267 737
267 953
268 196
268 420
268 777
268 785
269 190
269 255
269 482
269 960
270 83
270 125
270 159
270 175
271 178
271 518
271 608
271 676
272 203
272 663
272 792
272 833
273 106
273 860
273 919
273 1000
274 86
274 257
274 570
274 958
275 89
275 384
275 849
275 914
276 61
276 76
276 447
276 883
277 89
277 148
277 500
277 651
278 75
278 468
278 477
278 697
279 264
279 317
279 508
279 721
280 52
280 360
280 412
280 414
281 185
281 429
281 571
281 696
282 313
282 771
282 786
282 864
283 655
283 722
283 906
283 985
284 52
284 220
284 316
284 812
285 46
285 171
285 315
285 603
286 736
286 737
286 776
286 932
287 67
287 242
287 341
287 560
288 436
288 620
288 922
288 970
289 131
289 273
289 303
289 528
290 377
290 751
290 785
290 904
291 31
291 396
291 587
291 853
292 147
292 209
292 241
292 688
293 38
293 443
293 509
293 886
294 591
294 799
294 928
294 972
295 75
295 477
295 524
295 737
296 416
296 590
296 605
296 840
297 139
297 163
297 501
297 694
298 290
298 511
298 756
298 972
299 634
299 647
299 864
299 944
300 208
300 587
300 626
300 695
301 61
301 330
301 472
301 593
302 358
302 376
302 472
302 870
303 687
303 816
303 822
303 891
304 507
304 832
304 900
304 978
305 160
305 389
305 788
305 962
306 385
306 495
306 783
306 826
307 73
307 142
307 687
307 763
308 225
308 645
308 967
308 990
309 4
309 426
309 765
309 873
310 464
310 722
310 743
310 896
311 261
311 386
311 549
311 910
312 229
312 505
312 739
312 913
313 367
313 440
313 471
313 892
314 85
314 493
314 689
314 992
315 106
315 244
315 369
315 691
316 90
316 162
316 322
316 471
317 162
317 272
317 685
317 788
318 213
318 379
318 386
318 497
319 117
319 167
319 460
319 973
320 247
320 569
320 819
320 826
321 263
321 512
321 962
321 968
322 115
322 327
322 670
322 861
323 65
323 130
323 291
323 346
324 303
324 337
324 506
324 585
325 121
325 288
325 564
325 590
326 23
326 104
326 233
326 418
327 212
327 765
327 850
327 968
328 75
328 127
328 301
328 957
329 341
329 712
329 721
329 837
330 144
330 450
330 726
330 843
331 586
331 789
331 913
331 933
332 132
332 416
332 488
332 594
333 558
333 699
333 755
333 800
334 83
334 401
334 555
334 735
335 291
335 384
335 394
335 954
336 271
336 589
336 671
336 725
337 38
337 173
337 534
337 581
338 108
338 472
338 493
338 866
339 529
339 591
339 651
339 939
340 326
340 541
340 895
340 938
341 58
341 473
341 677
341 769
342 134
342 427
342 601
342 744
343 88
343 622
343 739
343 970
344 37
344 708
344 750
344 977
345 82
345 112
345 695
345 878
346 243
346 351
346 367
346 883
347 53
347 317
347 539
347 852
348 265
348 369
348 485
348 890
349 102
349 510
349 548
349 626
350 123
350 230
350 617
350 943
351 249
351 421
351 675
351 833
352 120
352 538
352 725
352 937
353 229
353 253
353 300
353 387
354 19
354 30
354 87
354 497
355 403
355 439
355 536
355 682
356 114
356 133
356 447
356 745
357 100
357 588
357 686
357 944
358 16
358 18
358 517
358 821
359 203
359 457
359 921
359 997
360 203
360 463
360 530
360 621
361 125
361 557
361 563
361 613
362 45
362 97
362 821
362 988
363 27
363 427
363 556
363 743
364 341
364 447
364 548
364 641
365 78
365 111
365 251
365 983
366 90
366 459
366 617
366 757
367 228
367 499
367 678
367 966
368 85
368 465
368 511
368 948
369 166
369 531
369 820
369 989
370 16
370 365
370 847
370 878
371 400
371 734
371 737
371 857
372 88
372 217
372 363
372 785
373 154
373 361
373 447
373 825
374 44
374 254
374 309
374 328
375 405
375 505
375 851
375 942
376 649
376 651
376 676
376 974
377 26
377 539
377 656
377 701
378 343
378 592
378 719
378 900
379 331
379 553
379 625
379 841
380 19
380 748
380 780
380 783
381 266
381 899
381 950
381 984
382 49
382 676
382 733
382 888
383 26
383 461
383 495
383 756
384 279
384 324
384 940
384 947
385 459
385 475
385 876
385 897
386 167
386 652
386 790
386 803
387 194
387 482
387 510
387 660
388 217
388 227
388 577
388 790
389 611
389 850
389 920
389 927
390 224
390 305
390 460
390 537
391 155
391 549
391 708
391 990
392 260
392 605
392 665
392 813
393 16
393 86
393 315
393 694
394 106
394 437
394 532
394 651
395 35
395 435
395 580
395 853
396 4
396 9
396 138
396 207
397 29
397 384
397 584
397 822
398 329
398 485
398 632
398 951
399 67
399 162
399 238
399 259
400 183
400 215
400 234
400 624
401 660
401 715
401 780
401 795
402 514
402 771
402 831
402 966
403 38
403 118
403 335
403 511
404 304
404 332
404 704
404 990
405 110
405 510
405 543
405 866
406 137
406 363
406 384
406 538
407 22
407 196
407 206
407 654
408 465
408 562
408 872
408 942
409 10
409 247
409 965
409 971
410 38
410 161
410 205
410 695
411 57
411 497
411 510
411 862
412 20
412 264
412 716
412 740
413 17
413 203
413 207
413 428
414 96
414 619
414 800
414 990
415 432
415 740
415 805
415 952
416 601
416 698
416 763
416 941
417 37
417 230
417 533
417 866
418 122
418 321
418 410
418 833
419 618
419 930
419 939
419 946
420 116
420 186
420 508
420 625
421 163
421 383
421 434
421 681
422 353
422 465
422 536
422 643
423 163
423 462
423 558
423 953
424 87
424 141
424 253
424 279
425 45
425 269
425 560
425 599
426 26
426 443
426 545
426 960
427 146
427 515
427 860
427 897
428 805
428 896
428 932
428 990
429 85
429 153
429 322
429 560
430 153
430 268
430 679
430 733
431 227
431 385
431 513
431 903
432 40
432 305
432 862
432 882
433 97
433 288
433 745
433 934
434 78
434 177
434 233
434 533
435 268
435 579
435 588
435 875
436 129
436 380
436 757
436 944
437 248
437 575
437 658
437 925
438 279
438 644
438 651
438 848
439 92
439 393
439 587
439 838
440 4
440 352
440 505
440 738
441 79
441 292
441 301
441 814
442 26
442 48
442 299
442 387
443 225
443 230
443 402
443 643
444 140
444 266
444 705
444 972
445 188
445 304
445 305
445 402
446 21
446 158
446 221
446 332
447 111
447 168
447 522
447 817
448 49
448 376
448 775
448 993
449 85
449 320
449 543
449 719
450 290
450 812
450 909
450 941
451 56
451 223
451 472
451 521
452 120
452 620
452 679
452 912
453 9
453 382
453 489
453 652
454 239
454 579
454 786
454 983
455 133
455 346
455 551
455 948
456 188
456 277
456 517
456 939
457 32
457 119
457 521
457 740
458 297
458 483
458 688
458 824
459 72
459 273
459 363
459 388
460 329
460 481
460 578
460 717
461 201
461 428
461 473
461 627
462 4
462 568
462 740
462 956
463 176
463 372
463 455
463 954
464 14
464 167
464 837
464 937
465 181
465 232
465 972
465 984
466 417
466 501
466 568
466 869
467 166
467 259
467 267
467 811
468 37
468 189
468 755
468 862
469 62
469 258
469 362
469 538
470 227
470 280
470 600
470 955
471 240
471 316
471 344
471 545
472 81
472 542
472 691
472 961
473 97
473 254
473 546
473 607
474 77
474 118
474 202
474 759
475 6
475 143
475 438
475 862
476 110
476 414
476 892
476 953
477 104
477 168
477 311
477 452
478 345
478 644
478 756
478 773
479 537
479 570
479 646
479 916
480 40
480 475
480 566
480 803
481 436
481 658
481 750
481 989
482 190
482 394
482 601
482 919
483 66
483 242
483 427
483 988
484 50
484 263
484 676
484 814
485 26
485 229
485 234
485 547
486 49
486 307
486 328
486 712
487 294
487 399
487 406
487 891
488 176
488 339
488 814
488 887
489 84
489 484
489 579
489 631
490 243
490 399
490 667
490 716
491 106
491 244
491 618
491 929
492 203
492 212
492 879
492 1000
493 60
493 75
493 188
493 370
494 635
494 779
494 878
494 942
495 64
495 159
495 225
495 312
496 8
496 247
496 259
496 833
497 109
497 111
497 511
497 850
498 218
498 286
498 921
498 987
499 231
499 419
499 677
499 904
500 160
500 161
500 537
500 842
501 394
501 579
501 746
501 812
502 530
502 807
502 844
502 879
503 360
503 516
503 696
503 888
504 144
504 290
504 423
504 905
505 520
505 569
505 800
505 806
506 172
506 339
506 463
506 628
507 177
507 220
507 563
507 802
508 358
508 464
508 594
508 760
509 609
509 803
509 834
509 886
510 78
510 187
510 318
510 927
511 7
511 51
511 513
511 928
512 196
512 330
512 536
512 752
513 127
513 168
513 435
513 963
514 8
514 275
514 413
514 432
515 11
515 563
515 591
515 866
516 215
516 612
516 673
516 744
517 22
517 498
517 970
517 986
518 73
518 169
518 284
518 853
519 145
519 350
519 979
519 993
520 622
520 783
520 906
520 965
521 304
521 562
521 578
521 835
522 198
522 208
522 838
522 983
523 381
523 465
523 655
523 785
524 43
524 368
524 548
524 578
525 120
525 168
525 392
525 991
526 255
526 264
526 415
526 811
527 150
527 737
527 740
527 868
528 171
528 869
528 922
528 996
529 119
529 524
529 917
529 956
530 37
530 73
530 138
530 168
531 255
531 442
531 565
531 872
532 234
532 347
532 371
532 931
533 30
533 241
533 555
533 943
534 28
534 71
534 577
534 984
535 681
535 738
535 768
535 930
536 134
536 671
536 722
536 929
537 424
537 760
537 836
537 940
538 31
538 138
538 446
538 848
539 92
539 305
539 811
539 890
540 217
540 409
540 586
540 880
541 100
541 535
541 559
541 924
542 179
542 345
542 500
542 951
543 350
543 468
543 613
543 674
544 283
544 373
544 720
544 816
545 50
545 118
545 172
545 924
546 94
546 119
546 402
546 884
547 105
547 760
547 952
547 992
548 8
548 212
548 678
548 716
549 422
549 606
549 789
549 914
550 8
550 80
550 86
550 422
551 151
551 682
551 798
551 994
552 73
552 194
552 209
552 667
553 173
553 727
553 902
553 949
554 256
554 631
554 635
554 994
555 204
555 268
555 305
555 681
556 252
556 283
556 753
556 931
557 438
557 731
557 863
557 886
558 12
558 168
558 694
558 839
559 154
559 194
559 401
559 763
560 50
560 157
560 223
560 229
561 470
561 485
561 588
561 790
562 142
562 686
562 696
562 704
563 305
563 462
563 699
563 747
564 276
564 480
564 523
564 608
565 43
565 284
565 356
565 380
566 147
566 313
566 734
566 995
567 55
567 651
567 729
567 983
568 72
568 245
568 394
568 924
569 80
569 271
569 288
569 573
570 78
570 770
570 857
570 926
571 453
571 476
571 775
571 785
572 481
572 541
572 875
572 889
573 142
573 510
573 707
573 988
574 140
574 442
574 740
574 860
575 332
575 476
575 889
575 896
576 251
576 403
576 864
576 969
577 18
577 223
577 693
577 780
578 257
578 668
578 875
578 901
579 146
579 155
579 473
579 630
580 759
580 778
580 857
580 945
581 330
581 541
581 674
581 840
582 286
582 482
582 622
582 666
583 121
583 227
583 333
583 621
584 208
584 267
584 328
584 705
585 448
585 472
585 478
585 760
586 416
586 457
586 530
586 708
587 222
587 509
587 529
587 599
588 243
588 357
588 416
588 804
589 390
589 521
589 601
589 984
590 186
590 199
590 238
590 556
591 171
591 788
591 827
591 830
592 243
592 594
592 625
592 968
593 116
593 299
593 555
593 905
594 26
594 83
594 247
594 299
595 194
595 235
595 368
595 440
596 172
596 453
596 574
596 734
597 413
597 492
597 835
597 875
598 30
598 85
598 119
598 264
599 472
599 661
599 921
599 961
600 35
600 434
600 723
600 790
601 45
601 84
601 796
601 941
602 137
602 739
602 949
602 950
603 46
603 344
603 882
603 885
604 52
604 210
604 576
604 734
605 166
605 246
605 290
605 395
606 176
606 235
606 551
606 805
607 67
607 138
607 158
607 544
608 146
608 379
608 510
608 636
609 108
609 177
609 256
609 850
610 26
610 106
610 834
610 882
611 333
611 691
611 765
611 967
612 72
612 279
612 538
612 717
613 226
613 365
613 496
613 623
614 189
614 431
614 723
614 814
615 375
615 464
615 468
615 873
616 42
616 140
616 777
616 941
617 237
617 348
617 356
617 937
618 138
618 500
618 808
618 906
619 533
619 841
619 867
619 973
620 163
620 630
620 714
620 877
621 192
621 209
621 877
621 905
622 226
622 417
622 480
622 497
623 257
623 350
623 576
623 901
624 5
624 226
624 850
624 933
625 177
625 632
625 780
625 912
626 111
626 532
626 891
626 946
627 254
627 327
627 765
627 855
628 62
628 372
628 519
628 561
629 247
629 349
629 672
629 991
630 85
630 537
630 658
630 815
631 558
631 684
631 708
631 872
632 316
632 420
632 816
632 899
633 91
633 195
633 697
633 746
634 116
634 280
634 304
634 909
635 422
635 508
635 636
635 979
636 131
636 185
636 609
636 890
637 126
637 612
637 645
637 708
638 157
638 495
638 683
638 768
639 229
639 318
639 632
639 675
640 133
640 413
640 476
640 510
641 92
641 183
641 192
641 727
642 523
642 537
642 573
642 692
643 63
643 387
643 527
643 711
644 34
644 333
644 381
644 761
645 85
645 152
645 247
645 641
646 88
646 421
646 495
646 925
647 77
647 208
647 690
647 758
648 254
648 423
648 455
648 488
649 100
649 484
649 806
649 927
650 465
650 589
650 720
650 997
651 114
651 135
651 185
651 502
652 351
652 442
652 613
652 657
653 277
653 821
653 874
653 876
654 436
654 633
654 674
654 939
655 513
655 642
655 818
655 923
656 104
656 153
656 186
656 319
657 176
657 359
657 433
657 563
658 233
658 570
658 829
658 1000
659 246
659 612
659 631
659 930
660 427
660 618
660 637
660 830
661 352
661 497
661 769
661 950
662 327
662 403
662 482
662 726
663 41
663 491
663 775
663 901
664 80
664 271
664 274
664 602
665 231
665 276
665 627
665 882
666 68
666 298
666 572
666 906
667 7
667 482
667 765
667 956
668 202
668 469
668 583
668 790
669 109
669 225
669 693
669 784
670 234
670 549
670 761
670 965
671 88
671 99
671 562
671 890
672 112
672 142
672 538
672 969
673 42
673 81
673 257
673 981
674 238
674 603
674 619
674 690
675 219
675 542
675 557
675 930
676 17
676 65
676 329
676 705
677 437
677 660
677 933
677 968
678 99
678 215
678 554
678 891
679 113
679 379
679 471
679 917
680 341
680 586
680 665
680 911
681 106
681 243
681 539
681 629
682 97
682 175
682 403
682 458
683 158
683 294
683 370
683 387
684 412
684 542
684 671
684 951
685 406
685 498
685 723
685 768
686 54
686 138
686 349
686 361
687 66
687 288
687 509
687 628
688 28
688 142
688 241
688 724
689 131
689 475
689 594
689 794
690 43
690 743
690 835
690 991
691 45
691 679
691 691
691 940
692 181
692 369
692 405
692 853
693 365
693 394
693 422
693 674
694 387
694 393
694 454
694 593
695 38
695 95
695 531
695 858
696 85
696 315
696 391
696 876
697 544
697 649
697 711
697 934
698 373
698 447
698 462
698 809
699 715
699 943
699 950
699 991
700 548
700 568
700 853
700 855
701 113
701 344
701 530
701 650
702 74
702 137
702 441
702 998
703 403
703 677
703 678
703 965
704 3
704 159
704 601
704 876
705 243
705 297
705 623
705 799
706 76
706 189
706 300
706 812
707 216
707 422
707 728
707 966
708 325
708 391
708 501
708 826
709 153
709 541
709 767
709 771
710 24
710 344
710 694
710 963
711 421
711 942
711 947
711 957
712 215
712 504
712 630
712 639
713 4
713 334
713 462
713 940
714 380
714 597
714 639
714 642
715 265
715 406
715 967
715 968
716 3
716 348
716 404
716 456
717 467
717 589
717 662
717 826
718 67
718 173
718 603
718 1000
719 117
719 841
719 856
719 979
720 377
720 625
720 837
720 907
721 49
721 77
721 570
721 640
722 91
722 179
722 423
722 868
723 855
723 946
723 991
723 998
724 255
724 260
724 661
724 746
725 406
725 698
725 780
725 972
726 871
726 883
726 968
726 991
727 538
727 768
727 813
727 834
728 386
728 389
728 428
728 514
729 243
729 370
729 651
729 720
730 13
730 632
730 775
730 777
731 218
731 489
731 782
731 799
732 284
732 381
732 583
732 730
733 144
733 343
733 365
733 645
734 533
734 904
734 932
734 984
735 87
735 339
735 393
735 939
736 82
736 289
736 582
736 881
737 351
737 567
737 659
737 772
738 102
738 500
738 648
738 872
739 181
739 482
739 549
739 936
740 232
740 557
740 635
740 726
741 170
741 466
741 539
741 889
742 65
742 249
742 304
742 557
743 103
743 120
743 236
743 741
744 191
744 382
744 686
744 718
745 368
745 500
745 629
745 913
746 251
746 414
746 672
746 1000
747 131
747 133
747 757
747 882
748 84
748 309
748 680
748 792
749 344
749 410
749 571
749 706
750 184
750 194
750 588
750 707
751 4
751 175
751 368
751 473
752 10
752 250
752 418
752 510
753 82
753 122
753 912
753 956
754 161
754 252
754 564
754 971
755 367
755 609
755 643
755 663
756 401
756 810
756 909
756 1000
757 86
757 583
757 849
757 921
758 43
758 686
758 852
758 893
759 119
759 124
759 797
759 877
760 252
760 618
760 931
760 948
761 105
761 600
761 836
761 905
762 247
762 296
762 579
762 828
763 12
763 504
763 790
763 887
764 304
764 306
764 486
764 979
765 177
765 462
765 506
765 555
766 186
766 274
766 649
766 693
767 568
767 616
767 679
767 823
768 148
768 311
768 487
768 841
769 276
769 644
769 688
769 938
770 120
770 122
770 248
770 384
771 379
771 709
771 783
771 959
772 6
772 34
772 130
772 884
773 65
773 279
773 446
773 478
774 222
774 271
774 458
774 481
775 70
775 168
775 317
775 870
776 374
776 700
776 927
776 933
777 205
777 471
777 654
777 798
778 91
778 270
778 324
778 597
779 191
779 448
779 670
779 872
780 248
780 416
780 744
780 939
781 48
781 56
781 132
781 852
782 277
782 666
782 780
782 988
783 177
783 379
783 421
783 527
784 381
784 860
784 861
784 902
785 32
785 641
785 665
785 985
786 298
786 526
786 719
786 845
787 63
787 697
787 862
787 885
788 68
788 248
788 680
788 950
789 39
789 464
789 793
789 933
790 63
790 432
790 976
790 989
791 201
791 526
791 749
791 964
792 102
792 235
792 865
792 930
793 28
793 253
793 325
793 794
794 358
794 692
794 737
794 909
795 121
795 168
795 175
795 318
796 132
796 246
796 530
796 809
797 84
797 250
797 521
797 556
798 36
798 162
798 881
798 968
799 40
799 225
799 804
799 819
800 182
800 268
800 445
800 942
801 106
801 188
801 440
801 524
802 224
802 421
802 555
802 709
803 72
803 166
803 344
803 541
804 210
804 280
804 806
804 853
805 30
805 152
805 571
805 581
806 84
806 502
806 604
806 952
807 312
807 345
807 391
807 998
808 313
808 431
808 561
808 904
809 11
809 169
809 568
809 624
810 305
810 355
810 440
810 808
811 398
811 424
811 700
811 1000
812 117
812 393
812 418
812 826
813 183
813 226
813 589
813 856
814 95
814 137
814 562
814 788
815 38
815 92
815 162
815 459
816 13
816 189
816 327
816 764
817 274
817 344
817 379
817 584
818 500
818 507
818 555
818 961
819 552
819 649
819 740
819 789
820 271
820 730
820 862
820 957
821 377
821 427
821 527
821 656
822 314
822 484
822 914
822 933
823 142
823 226
823 814
823 959
824 26
824 294
824 444
824 650
825 209
825 305
825 406
825 589
826 272
826 443
826 610
826 766
827 477
827 571
827 609
827 884
828 275
828 284
828 356
828 445
829 27
829 769
829 792
829 828
830 447
830 708
830 879
830 982
831 553
831 813
831 821
831 964
832 238
832 270
832 283
832 987
833 165
833 418
833 531
833 576
834 113
834 184
834 232
834 449
835 173
835 320
835 490
835 588
836 258
836 464
836 532
836 801
837 110
837 410
837 575
837 943
838 129
838 184
838 675
838 762
839 144
839 870
839 906
839 970
840 1
840 94
840 227
840 618
841 126
841 546
841 848
841 894
842 149
842 485
842 677
842 826
843 344
843 428
843 432
843 476
844 50
844 430
844 664
844 989
845 3
845 407
845 663
845 833
846 198
846 351
846 682
846 848
847 9
847 44
847 563
847 877
848 2
848 54
848 578
848 978
849 259
849 266
849 299
849 357
850 87
850 138
850 151
850 929
851 546
851 640
851 934
851 981
852 401
852 490
852 509
852 824
853 228
853 480
853 705
853 989
854 38
854 232
854 243
854 270
855 128
855 148
855 287
855 349
856 116
856 249
856 738
856 948
857 321
857 591
857 767
857 978
858 577
858 767
858 866
858 903
859 192
859 241
859 538
859 996
860 9
860 76
860 173
860 822
861 194
861 484
861 841
861 998
862 892
862 903
862 934
862 966
863 90
863 504
863 638
863 671
864 274
864 308
864 647
864 655
865 148
865 308
865 408
865 715
866 439
866 704
866 730
866 882
867 703
867 758
867 767
867 869
868 558
868 629
868 679
868 804
869 233
869 342
869 517
869 744
870 95
870 550
870 851
870 969
871 177
871 308
871 504
871 682
872 159
872 270
872 581
872 729
873 211
873 290
873 397
873 489
874 255
874 302
874 587
874 760
875 32
875 125
875 303
875 717
876 116
876 123
876 159
876 768
877 373
877 607
877 609
877 947
878 60
878 229
878 612
878 959
879 197
879 506
879 510
879 799
880 21
880 220
880 331
880 378
881 391
881 416
881 524
881 780
882 474
882 694
882 796
882 835
883 75
883 297
883 570
883 594
884 98
884 209
884 271
884 797
885 85
885 287
885 652
885 945
886 406
886 610
886 885
886 986
887 131
887 481
887 646
887 753
888 135
888 204
888 508
888 546
889 43
889 795
889 909
889 986
890 236
890 263
890 734
890 966
891 119
891 255
891 311
891 799
892 237
892 300
892 568
892 929
893 48
893 421
893 789
893 965
894 38
894 79
894 397
894 412
895 724
895 729
895 778
895 963
896 274
896 574
896 728
896 813
897 126
897 516
897 713
897 979
898 58
898 231
898 255
898 739
899 9
899 88
899 553
899 856
900 395
900 463
900 642
900 725
901 61
901 351
901 552
901 851
902 361
902 465
902 690
902 899
903 52
903 487
903 490
903 539
904 262
904 296
904 330
904 345
905 88
905 121
905 327
905 621
906 105
906 239
906 444
906 863
907 286
907 511
907 753
907 924
908 33
908 63
908 142
908 615
909 53
909 560
909 853
909 945
910 100
910 362
910 393
910 606
911 47
911 85
911 167
911 354
912 644
912 723
912 801
912 881
913 340
913 654
913 670
913 902
914 30
914 43
914 158
914 681
915 113
915 500
915 514
915 773
916 200
916 581
916 618
916 884
917 116
917 302
917 453
917 724
918 104
918 116
918 181
918 918
919 136
919 167
919 385
919 964
920 10
920 121
920 505
920 913
921 141
921 223
921 366
921 932
922 193
922 490
922 807
922 921
923 5
923 466
923 526
923 776
924 594
924 607
924 636
924 721
925 139
925 203
925 490
925 511
926 59
926 193
926 774
926 877
927 39
927 789
927 901
927 909
928 487
928 573
928 595
928 731
929 13
929 188
929 479
929 830
930 129
930 178
930 243
930 938
931 23
931 216
931 770
931 848
932 89
932 130
932 462
932 807
933 11
933 58
933 265
933 762
934 348
934 530
934 601
934 836
935 4
935 177
935 390
935 392
936 40
936 231
936 821
936 916
937 340
937 552
937 611
937 764
938 344
938 567
938 895
938 946
939 287
939 336
939 629
939 864
940 561
940 664
940 855
940 869
941 336
941 358
941 431
941 791
942 90
942 273
942 563
942 704
943 113
943 154
943 568
943 870
944 44
944 124
944 716
944 983
945 7
945 312
945 327
945 732
946 15
946 29
946 118
946 528
947 42
947 261
947 459
947 628
948 95
948 178
948 633
948 879
949 382
949 774
949 837
949 895
950 40
950 168
950 280
950 963
951 136
951 390
951 760
951 916
952 559
952 621
952 675
952 748
953 134
953 330
953 522
953 580
954 180
954 523
954 581
954 699
955 160
955 249
955 445
955 694
956 553
956 697
956 811
956 859
957 447
957 469
957 650
957 875
958 317
958 373
958 796
958 847
959 44
959 327
959 368
959 721
960 515
960 583
960 829
960 1000
961 97
961 658
961 853
961 898
962 28
962 256
962 531
962 719
963 200
963 207
963 364
963 832
964 134
964 309
964 833
964 910
965 127
965 275
965 438
965 698
966 495
966 701
966 843
966 918
967 456
967 499
967 535
967 644
968 174
968 285
968 541
968 678
969 457
969 485
969 787
969 931
970 274
970 655
970 680
970 999
971 82
971 214
971 363
971 864
972 345
972 385
972 397
972 868
973 244
973 722
973 834
973 843
974 261
974 584
974 606
974 798
975 252
975 377
975 502
975 912
976 64
976 192
976 266
976 667
977 403
977 661
977 778
977 880
978 244
978 488
978 930
978 998
979 248
979 279
979 676
979 763
980 725
980 769
980 817
980 959
981 298
981 629
981 663
981 899
982 234
982 375
982 820
982 958
983 4
983 182
983 249
983 954
984 566
984 738
984 823
984 865
985 413
985 452
985 713
985 798
986 130
986 455
986 617
986 914
987 213
987 376
987 506
987 969
988 14
988 439
988 545
988 897
989 124
989 273
989 501
989 741
990 112
990 522
990 623
990 734
991 359
991 563
991 635
991 907
992 8
992 54
992 120
992 416
993 313
993 480
993 688
993 877
994 266
994 558
994 636
994 950
995 26
995 103
995 408
995 456
996 20
996 288
996 662
996 948
997 22
997 171
997 180
997 345
998 169
998 531
998 613
998 864
999 161
999 536
999 544
999 638
1000 173
1000 786
1000 806
1000 813
