# The woods are lovely, dark and deep
# But I have promises to keep
# Size: 1000 And miles to go before I sleep
# And miles to go before I sleep
1 54
1 127
1 620
1 919
2 31
2 425
2 429
2 765
3 279
3 421
3 767
3 926
4 184
4 263
4 615
4 920
5 144
5 357
5 535
5 790
6 278
6 543
6 558
6 874
7 506
7 537
7 571
7 638
8 716
8 788
8 811
8 862
9 122
9 157
9 430
9 672
10 182
10 652
10 664
10 976
11 547
11 548
11 585
11 994
12 12
12 67
12 158
12 985
13 300
13 378
13 480
13 646
14 58
14 520
14 575
14 612
15 408
15 429
15 581
15 600
16 373
16 626
16 690
16 961
17 60
17 372
17 388
17 690
18 60
18 223
18 263
18 687
19 39
19 613
19 698
19 832
20 385
20 403
20 588
20 811
21 202
21 422
21 524
21 904
22 401
22 708
22 810
22 942
23 162
23 472
23 696
23 825
24 356
24 510
24 511
24 702
25 126
25 184
25 185
25 459
26 471
26 473
26 516
26 913
27 342
27 352
27 605
27 934
28 420
28 450
28 649
28 830
29 91
29 153
29 414
29 691
30 20
30 267
30 714
30 884
31 104
31 474
31 641
31 760
32 425
32 659
32 733
32 898
33 139
33 223
33 283
33 938
34 263
34 277
34 556
34 895
35 103
35 560
35 909
35 949
36 599
36 830
36 895
36 918
37 202
37 347
37 716
37 994
38 451
38 487
38 577
38 666
39 126
39 497
39 531
39 930
40 252
40 275
40 704
40 723
41 1
41 221
41 782
41 908
42 78
42 108
42 420
42 776
43 204
43 282
43 492
43 824
44 165
44 691
44 793
44 930
45 40
45 214
45 368
45 826
46 597
46 652
46 714
46 992
47 341
47 416
47 432
47 515
48 5
48 153
48 231
48 888
49 14
49 131
49 701
49 792
50 145
50 296
50 586
50 955
51 287
51 412
51 718
51 834
52 114
52 504
52 777
52 782
53 276
53 709
53 959
53 969
54 256
54 334
54 618
54 782
55 43
55 218
55 379
55 512
56 28
56 471
56 557
56 847
57 271
57 772
57 821
57 871
58 77
58 103
58 941
58 963
59 56
59 449
59 616
59 934
60 301
60 497
60 619
60 678
61 28
61 162
61 274
61 940
62 57
62 522
62 571
62 952
63 276
63 469
63 768
63 941
64 1
64 132
64 485
64 593
65 181
65 313
65 465
65 712
66 15
66 106
66 239
66 637
67 252
67 556
67 708
67 891
68 43
68 278
68 621
68 848
69 170
69 262
69 487
69 895
70 270
70 528
70 695
70 749
71 142
71 310
71 749
71 799
72 21
72 370
72 857
72 891
73 589
73 682
73 926
73 937
74 22
74 28
74 429
74 946
75 396
75 543
75 653
75 861
76 83
76 169
76 501
76 825
77 253
77 400
77 794
77 998
78 566
78 787
78 794
78 836
79 142
79 161
79 382
79 609
80 260
80 390
80 786
80 956
81 45
81 135
81 299
81 726
82 150
82 213
82 321
82 719
83 164
83 213
83 573
83 791
84 421
84 679
84 840
84 843
85 316
85 429
85 585
85 888
86 86
86 594
86 670
86 781
87 109
87 525
87 552
87 800
88 27
88 721
88 890
88 977
89 23
89 480
89 552
89 950
90 47
90 77
90 182
90 514
91 62
91 382
91 385
91 870
92 433
92 472
92 610
92 669
93 5
93 252
93 403
93 905
94 192
94 425
94 666
94 812
95 38
95 655
95 701
95 791
96 98
96 376
96 527
96 790
97 260
97 441
97 838
97 995
98 53
98 262
98 373
98 923
99 79
99 519
99 798
99 990
100 414
100 516
100 684
100 964
101 85
101 396
101 691
101 945
102 8
102 110
102 474
102 502
103 6
103 26
103 409
103 892
104 357
104 494
104 737
104 907
105 94
105 608
105 658
105 816
106 481
106 522
106 760
106 968
107 376
107 406
107 588
107 871
108 279
108 677
108 740
108 746
109 84
109 354
109 811
109 967
110 163
110 207
110 244
110 286
111 26
111 326
111 716
111 943
112 92
112 261
112 311
112 990
113 324
113 383
113 588
113 701
114 568
114 721
114 946
114 997
115 83
115 96
115 337
115 596
116 12
116 436
116 498
116 614
117 412
117 592
117 767
117 921
118 28
118 437
118 825
118 953
119 30
119 379
119 470
119 980
120 80
120 442
120 881
120 974
121 108
121 152
121 717
121 845
122 27
122 155
122 446
122 910
123 45
123 76
123 214
123 255
124 14
124 98
124 190
124 425
125 173
125 471
125 522
125 917
126 320
126 358
126 616
126 878
127 58
127 83
127 607
127 890
128 42
128 122
128 251
128 533
129 10
129 151
129 365
129 420
130 219
130 705
130 865
130 997
131 138
131 643
131 645
131 789
132 86
132 237
132 718
132 931
133 18
133 161
133 546
133 860
134 130
134 144
134 230
134 667
135 92
135 235
135 348
135 772
136 7
136 224
136 762
136 919
137 162
137 174
137 421
137 867
138 149
138 293
138 305
138 943
139 319
139 368
139 797
139 988
140 66
140 282
140 545
140 695
141 195
141 293
141 487
141 987
142 320
142 582
142 682
142 771
143 119
143 402
143 634
143 801
144 251
144 542
144 665
144 818
145 621
145 754
145 939
145 967
146 143
146 416
146 446
146 751
147 462
147 777
147 796
147 935
148 313
148 512
148 529
148 922
149 294
149 414
149 455
149 711
150 456
150 737
150 844
150 909
151 242
151 447
151 571
151 762
152 58
152 62
152 82
152 468
153 207
153 271
153 461
153 836
154 143
154 468
154 635
154 653
155 21
155 126
155 204
155 388
156 383
156 860
156 897
156 999
157 575
157 945
157 979
157 993
158 350
158 632
158 805
158 892
159 64
159 267
159 762
159 780
160 148
160 788
160 882
160 888
161 24
161 168
161 213
161 415
162 177
162 479
162 760
162 950
163 19
163 275
163 371
163 545
164 28
164 66
164 209
164 810
165 190
165 301
165 485
165 581
166 253
166 430
166 449
166 995
167 675
167 781
167 928
167 961
168 430
168 668
168 918
168 996
169 37
169 142
169 582
169 620
170 131
170 550
170 730
170 930
171 665
171 704
171 779
171 798
172 437
172 709
172 764
172 770
173 135
173 154
173 343
173 938
174 13
174 75
174 800
174 909
175 107
175 166
175 769
175 919
176 203
176 644
176 958
176 993
177 289
177 306
177 386
177 793
178 40
178 266
178 879
178 957
179 287
179 312
179 764
179 882
180 104
180 451
180 603
180 726
181 321
181 494
181 834
181 854
182 596
182 740
182 812
182 988
183 18
183 327
183 402
183 836
184 283
184 605
184 756
184 808
185 563
185 590
185 908
185 945
186 323
186 700
186 812
186 853
187 159
187 629
187 656
187 708
188 68
188 324
188 725
188 940
189 87
189 193
189 416
189 800
190 340
190 776
190 859
190 915
191 272
191 685
191 716
191 807
192 117
192 548
192 578
192 651
193 287
193 657
193 687
193 759
194 210
194 391
194 784
194 798
195 27
195 411
195 560
195 796
196 342
196 481
196 518
196 787
197 366
197 419
197 548
197 633
198 342
198 442
198 485
198 960
199 191
199 558
199 717
199 773
200 11
200 370
200 975
200 994
201 130
201 323
201 440
201 548
202 142
202 376
202 637
202 719
203 16
203 191
203 544
203 817
204 128
204 556
204 671
204 881
205 344
205 482
205 576
205 643
206 148
206 307
206 567
206 790
207 206
207 249
207 578
207 763
208 34
208 156
208 329
208 515
209 189
209 844
209 928
209 963
210 330
210 337
210 405
210 824
211 33
211 170
211 551
211 690
212 123
212 511
212 838
212 920
213 461
213 523
213 613
213 902
214 376
214 554
214 639
214 812
215 273
215 285
215 442
215 703
216 172
216 360
216 416
216 586
217 107
217 215
217 753
217 776
218 256
218 311
218 504
218 810
219 151
219 711
219 715
219 752
220 183
220 207
220 349
220 363
221 134
221 367
221 389
221 466
222 175
222 359
222 536
222 867
223 97
223 464
223 563
223 937
224 106
224 273
224 377
224 936
225 346
225 507
225 721
225 951
226 227
226 472
226 582
226 962
227 93
227 210
227 785
227 997
228 59
228 673
228 700
228 758
229 203
229 438
229 718
229 931
230 93
230 132
230 183
230 932
231 255
231 369
231 407
231 927
232 233
232 375
232 792
232 862
233 205
233 281
233 633
233 859
234 265
234 491
234 614
234 818
235 292
235 886
235 898
235 919
236 260
236 303
236 335
236 770
237 350
237 459
237 593
237 865
238 205
238 397
238 439
238 836
239 1
239 256
239 341
239 610
240 207
240 627
240 659
240 883
241 87
241 460
241 987
241 988
242 501
242 575
242 619
242 805
243 56
243 218
243 227
243 294
244 135
244 352
244 731
244 973
245 35
245 133
245 768
245 792
246 469
246 611
246 692
246 993
247 398
247 464
247 510
247 552
248 340
248 366
248 884
248 960
249 425
249 651
249 822
249 948
250 393
250 483
250 611
250 872
251 50
251 196
251 206
251 913
252 644
252 806
252 954
252 986
253 432
253 544
253 783
253 984
254 353
254 380
254 735
254 750
255 13
255 295
255 563
255 723
256 328
256 401
256 808
256 977
257 73
257 95
257 458
257 778
258 253
258 409
258 416
258 469
259 36
259 65
259 553
259 832
260 307
260 345
260 829
260 928
261 242
261 641
261 676
261 820
262 246
262 346
262 760
262 935
263 240
263 313
263 517
263 888
264 2
264 276
264 298
264 541
265 27
265 347
265 695
265 819
266 320
266 425
266 495
266 852
267 538
267 703
267 821
267 990
268 142
268 232
268 526
268 674
269 14
269 162
269 461
269 983
270 135
270 146
270 398
270 889
271 191
271 260
271 469
271 663
272 291
272 510
272 544
272 987
273 254
273 488
273 510
273 838
274 645
274 729
274 751
274 760
275 130
275 191
275 318
275 707
276 170
276 174
276 659
276 972
277 201
277 656
277 806
277 866
278 382
278 644
278 646
278 766
279 18
279 46
279 321
279 638
280 269
280 317
280 584
280 664
281 4
281 112
281 768
281 805
282 487
282 702
282 759
282 867
283 440
283 524
283 724
283 875
284 171
284 356
284 422
284 945
285 47
285 440
285 655
285 700
286 174
286 376
286 424
286 551
287 230
287 480
287 924
287 967
288 209
288 340
288 406
288 688
289 108
289 332
289 365
289 901
290 29
290 442
290 552
290 949
291 210
291 247
291 467
291 616
292 166
292 301
292 433
292 497
293 401
293 451
293 867
293 898
294 301
294 376
294 851
294 916
295 30
295 179
295 289
295 636
296 339
296 455
296 494
296 983
297 22
297 194
297 326
297 347
298 8
298 45
298 331
298 778
299 360
299 375
299 710
299 850
300 11
300 61
300 402
300 853
301 119
301 130
301 433
301 785
302 47
302 227
302 584
302 797
303 12
303 407
303 634
303 949
304 5
304 198
304 540
304 882
305 39
305 202
305 848
305 921
306 108
306 405
306 877
306 1000
307 23
307 56
307 431
307 731
308 51
308 266
308 899
308 970
309 563
309 807
309 832
309 874
310 90
310 506
310 635
310 877
311 121
311 713
311 770
311 950
312 178
312 236
312 269
312 438
313 200
313 318
313 327
313 754
314 171
314 267
314 558
314 839
315 121
315 177
315 287
315 352
316 152
316 454
316 563
316 575
317 55
317 226
317 483
317 820
318 575
318 630
318 683
318 873
319 57
319 149
319 264
319 836
320 266
320 583
320 784
320 792
321 196
321 363
321 750
321 914
322 151
322 158
322 934
322 959
323 374
323 542
323 661
323 713
324 68
324 656
324 798
324 809
325 119
325 738
325 789
325 913
326 474
326 665
326 723
326 831
327 404
327 672
327 780
327 858
328 131
328 354
328 357
328 631
329 255
329 659
329 773
329 912
330 2
330 329
330 552
330 571
331 140
331 222
331 367
331 895
332 196
332 269
332 567
332 901
333 164
333 288
333 484
333 665
334 237
334 670
334 763
334 854
335 121
335 132
335 411
335 965
336 71
336 642
336 863
336 864
337 569
337 702
337 757
337 851
338 141
338 254
338 581
338 765
339 3
339 64
339 293
339 310
340 30
340 193
340 609
340 632
341 394
341 513
341 599
341 786
342 629
342 644
342 753
342 975
343 68
343 455
343 637
343 806
344 103
344 253
344 389
344 431
345 55
345 651
345 889
345 981
346 238
346 900
346 906
346 972
347 174
347 341
347 606
347 611
348 85
348 195
348 444
348 796
349 75
349 297
349 698
349 772
350 244
350 543
350 751
350 941
351 462
351 717
351 919
351 965
352 31
352 306
352 355
352 394
353 36
353 179
353 301
353 938
354 16
354 66
354 438
354 981
355 82
355 166
355 335
355 624
356 49
356 139
356 936
356 965
357 614
357 616
357 900
357 917
358 83
358 175
358 212
358 752
359 322
359 341
359 447
359 655
360 99
360 636
360 751
360 887
361 647
361 749
361 819
361 969
362 111
362 173
362 308
362 347
363 95
363 558
363 809
363 901
364 92
364 175
364 272
364 875
365 74
365 143
365 411
365 942
366 64
366 102
366 202
366 806
367 237
367 251
367 373
367 399
368 407
368 449
368 747
368 797
369 234
369 244
369 248
369 736
370 676
370 689
370 838
370 963
371 159
371 249
371 323
371 536
372 572
372 617
372 624
372 734
373 651
373 824
373 857
373 941
374 329
374 449
374 831
374 969
375 41
375 289
375 302
375 553
376 70
376 595
376 813
376 890
377 150
377 185
377 245
377 639
378 89
378 602
378 628
378 678
379 77
379 126
379 643
379 904
380 160
380 222
380 609
380 648
381 400
381 424
381 472
381 536
382 107
382 130
382 172
382 312
383 592
383 616
383 784
383 960
384 125
384 595
384 596
384 641
385 108
385 301
385 546
385 981
386 115
386 327
386 414
386 996
387 324
387 330
387 493
387 919
388 285
388 463
388 552
388 622
389 494
389 621
389 724
389 983
390 21
390 81
390 601
390 838
391 556
391 606
391 615
391 835
392 34
392 498
392 687
392 712
393 177
393 319
393 321
393 904
394 39
394 156
394 386
394 580
395 407
395 463
395 938
395 945
396 142
396 413
396 435
396 459
397 119
397 158
397 235
397 553
398 383
398 427
398 921
398 966
399 548
399 611
399 794
399 820
400 399
400 635
400 985
400 991
401 527
401 583
401 752
401 812
402 244
402 336
402 368
402 843
403 107
403 201
403 895
403 935
404 114
404 225
404 554
404 939
405 49
405 294
405 531
405 676
406 10
406 99
406 479
406 591
407 55
407 149
407 482
407 796
408 52
408 176
408 305
408 328
409 380
409 513
409 579
409 705
410 329
410 395
410 640
410 935
411 78
411 140
411 238
411 843
412 170
412 452
412 658
412 937
413 369
413 640
413 755
413 792
414 188
414 777
414 881
414 978
415 108
415 263
415 603
415 873
416 229
416 253
416 573
416 886
417 213
417 430
417 518
417 981
418 209
418 418
418 425
418 910
419 206
419 480
419 585
419 812
420 218
420 293
420 567
420 758
421 28
421 168
421 544
421 584
422 69
422 284
422 316
422 430
423 125
423 503
423 652
423 887
424 168
424 188
424 358
424 745
425 409
425 423
425 506
425 756
426 96
426 163
426 430
426 458
427 53
427 698
427 835
427 937
428 89
428 353
428 665
428 913
429 141
429 237
429 288
429 651
430 268
430 511
430 686
430 715
431 370
431 443
431 538
431 776
432 145
432 519
432 857
432 961
433 294
433 473
433 580
433 791
434 73
434 662
434 707
434 931
435 56
435 413
435 624
435 814
436 108
436 139
436 707
436 858
437 28
437 311
437 651
437 802
438 102
438 171
438 361
438 880
439 38
439 426
439 532
439 715
440 122
440 415
440 740
440 924
441 115
441 672
441 910
441 991
442 177
442 263
442 379
442 820
443 238
443 447
443 781
443 947
444 147
444 444
444 675
444 726
445 86
445 493
445 626
445 944
446 314
446 321
446 586
446 764
447 308
447 312
447 436
447 757
448 14
448 670
448 850
448 858
449 191
449 304
449 522
449 768
450 191
450 193
450 264
450 868
451 576
451 683
451 741
451 772
452 48
452 438
452 534
452 637
453 227
453 392
453 634
453 957
454 95
454 111
454 604
454 897
455 52
455 460
455 905
455 971
456 417
456 680
456 704
456 726
457 268
457 474
457 832
457 976
458 491
458 523
458 748
458 790
459 5
459 63
459 365
459 937
460 20
460 77
460 542
460 798
461 251
461 317
461 353
461 470
462 28
462 40
462 558
462 611
463 147
463 284
463 447
463 608
464 69
464 116
464 129
464 723
465 262
465 278
465 587
465 633
466 666
466 686
466 873
466 985
467 76
467 217
467 450
467 918
468 183
468 777
468 812
468 954
469 79
469 204
469 841
469 1000
470 87
470 410
470 845
470 918
471 40
471 141
471 683
471 767
472 39
472 289
472 577
472 835
473 10
473 445
473 623
473 723
474 42
474 237
474 532
474 726
475 12
475 201
475 231
475 545
476 171
476 244
476 251
476 492
477 293
477 744
477 779
477 785
478 352
478 391
478 419
478 612
479 194
479 547
479 561
479 981
480 267
480 667
480 743
480 983
481 302
481 615
481 706
481 987
482 353
482 575
482 651
482 734
483 248
483 473
483 791
483 812
484 242
484 370
484 630
484 937
485 154
485 178
485 356
485 365
486 504
486 551
486 830
486 986
487 284
487 356
487 740
487 953
488 2
488 187
488 571
488 634
489 396
489 502
489 767
489 773
490 268
490 431
490 450
490 744
491 503
491 836
491 874
491 889
492 19
492 129
492 935
492 985
493 14
493 204
493 372
493 820
494 113
494 167
494 388
494 722
495 184
495 196
495 482
495 995
496 179
496 370
496 585
496 868
497 87
497 598
497 678
497 922
498 107
498 389
498 708
498 813
499 210
499 610
499 717
499 928
500 454
500 468
500 757
500 973
501 96
501 757
501 776
501 922
502 221
502 312
502 683
502 949
503 219
503 379
503 438
503 785
504 29
504 162
504 352
504 830
505 223
505 411
505 768
505 841
506 628
506 829
506 862
506 984
507 320
507 354
507 384
507 471
508 50
508 262
508 732
508 799
509 292
509 703
509 821
509 905
510 126
510 545
510 559
510 622
511 168
511 785
511 852
511 918
512 452
512 583
512 900
512 935
513 17
513 148
513 486
513 962
514 214
514 237
514 545
514 685
515 23
515 333
515 480
515 619
516 265
516 299
516 493
516 873
517 35
517 99
517 371
517 889
518 86
518 137
518 597
518 871
519 130
519 236
519 532
519 892
520 42
520 214
520 470
520 899
521 41
521 848
521 934
521 958
522 407
522 703
522 933
522 972
523 116
523 142
523 335
523 556
524 2
524 156
524 228
524 743
525 95
525 207
525 885
525 986
526 432
526 565
526 915
526 975
527 31
527 216
527 221
527 243
528 61
528 331
528 498
528 963
529 408
529 456
529 470
529 573
530 39
530 502
530 593
530 814
531 573
531 613
531 616
531 633
532 32
532 734
532 735
532 899
533 362
533 377
533 399
533 405
534 120
534 199
534 398
534 496
535 135
535 150
535 621
535 857
536 261
536 600
536 793
536 928
537 506
537 699
537 708
537 922
538 148
538 204
538 450
538 687
539 62
539 113
539 499
539 669
540 174
540 869
540 889
540 897
541 114
541 492
541 546
541 878
542 458
542 565
542 864
542 918
543 167
543 312
543 516
543 544
544 193
544 276
544 322
544 442
545 130
545 475
545 575
545 925
546 67
546 164
546 321
546 440
547 197
547 332
547 647
547 831
548 151
548 459
548 651
548 943
549 123
549 705
549 823
549 828
550 112
550 707
550 972
550 973
551 227
551 344
551 702
551 807
552 185
552 351
552 579
552 814
553 246
553 547
553 568
553 912
554 185
554 641
554 709
554 762
555 6
555 223
555 641
555 985
556 76
556 609
556 857
556 992
557 420
557 573
557 644
557 931
558 325
558 333
558 531
558 801
559 123
559 618
559 676
559 953
560 397
560 502
560 752
560 785
561 91
561 274
561 621
561 777
562 135
562 718
562 850
562 950
563 572
563 743
563 782
563 817
564 497
564 504
564 670
564 911
565 214
565 426
565 758
565 812
566 419
566 448
566 612
566 967
567 188
567 268
567 534
567 549
568 57
568 617
568 624
568 650
569 211
569 480
569 672
569 943
570 301
570 628
570 671
570 805
571 571
571 624
571 786
571 933
572 596
572 697
572 739
572 962
573 337
573 777
573 962
573 980
574 340
574 431
574 523
574 563
575 88
575 400
575 435
575 576
576 230
576 657
576 723
576 724
577 28
577 146
577 174
577 258
578 210
578 336
578 467
578 967
579 175
579 193
579 338
579 789
580 362
580 663
580 875
580 925
581 27
581 82
581 550
581 775
582 406
582 635
582 689
582 888
583 120
583 346
583 447
583 806
584 255
584 619
584 655
584 749
585 155
585 195
585 429
585 470
586 454
586 547
586 804
586 876
587 180
587 339
587 522
587 875
588 199
588 637
588 670
588 870
589 17
589 489
589 540
589 587
590 185
590 211
590 637
590 802
591 289
591 600
591 664
591 722
592 253
592 297
592 321
592 969
593 262
593 596
593 772
593 999
594 76
594 772
594 803
594 910
595 375
595 754
595 857
595 937
596 109
596 331
596 744
596 880
597 100
597 282
597 358
597 863
598 269
598 438
598 776
598 929
599 97
599 504
599 846
599 924
600 19
600 181
600 203
600 622
601 54
601 361
601 739
601 844
602 399
602 441
602 536
602 837
603 115
603 290
603 349
603 503
604 433
604 648
604 691
604 886
605 4
605 46
605 454
605 637
606 525
606 596
606 772
606 902
607 723
607 760
607 764
607 905
608 25
608 333
608 491
608 565
609 308
609 782
609 982
609 999
610 59
610 358
610 440
610 980
611 492
611 814
611 971
611 990
612 166
612 305
612 320
612 656
613 117
613 443
613 604
613 799
614 413
614 441
614 585
614 738
615 572
615 772
615 907
615 916
616 167
616 369
616 690
616 822
617 627
617 665
617 861
617 965
618 192
618 337
618 590
618 860
619 247
619 351
619 585
619 976
620 20
620 426
620 717
620 743
621 292
621 297
621 328
621 528
622 260
622 290
622 514
622 544
623 98
623 449
623 765
623 842
624 103
624 142
624 203
624 425
625 106
625 242
625 523
625 984
626 75
626 321
626 557
626 809
627 183
627 308
627 551
627 990
628 46
628 457
628 558
628 609
629 328
629 669
629 771
629 802
630 60
630 88
630 112
630 443
631 426
631 485
631 618
631 628
632 352
632 615
632 683
632 868
633 76
633 460
633 485
633 538
634 24
634 719
634 754
634 848
635 113
635 607
635 790
635 864
636 250
636 264
636 462
636 887
637 161
637 791
637 793
637 802
638 146
638 155
638 338
638 640
639 165
639 421
639 667
639 854
640 324
640 530
640 870
640 913
641 80
641 258
641 375
641 660
642 130
642 372
642 394
642 601
643 30
643 127
643 627
643 886
644 485
644 541
644 549
644 985
645 169
645 441
645 642
645 914
646 180
646 604
646 685
646 986
647 67
647 176
647 687
647 823
648 273
648 309
648 714
648 894
649 344
649 396
649 523
649 942
650 391
650 540
650 549
650 775
651 265
651 346
651 506
651 949
652 70
652 473
652 811
652 985
653 423
653 496
653 703
653 980
654 61
654 143
654 202
654 694
655 214
655 500
655 845
655 854
656 134
656 419
656 645
656 714
657 197
657 285
657 493
657 622
658 270
658 587
658 876
658 900
659 391
659 431
659 511
659 654
660 198
660 794
660 835
660 892
661 137
661 700
661 824
661 936
662 72
662 333
662 460
662 597
663 59
663 606
663 668
663 949
664 384
664 783
664 881
664 950
665 107
665 234
665 666
665 689
666 176
666 177
666 334
666 527
667 381
667 665
667 694
667 946
668 442
668 554
668 624
668 910
669 272
669 469
669 553
669 668
670 150
670 219
670 328
670 731
671 98
671 247
671 539
671 639
672 96
672 189
672 321
672 569
673 19
673 389
673 797
673 885
674 152
674 318
674 349
674 814
675 150
675 244
675 877
675 908
676 89
676 559
676 613
676 722
677 119
677 430
677 433
677 915
678 411
678 625
678 796
678 919
679 664
679 872
679 873
679 945
680 345
680 399
680 651
680 702
681 330
681 467
681 756
681 761
682 12
682 22
682 296
682 891
683 188
683 272
683 748
683 900
684 195
684 636
684 825
684 837
685 164
685 496
685 671
685 809
686 46
686 53
686 682
686 709
687 225
687 560
687 660
687 969
688 131
688 460
688 657
688 978
689 56
689 612
689 846
689 868
690 31
690 220
690 405
690 943
691 71
691 191
691 207
691 254
692 272
692 297
692 827
692 930
693 93
693 635
693 863
693 925
694 60
694 119
694 129
694 559
695 83
695 614
695 928
695 970
696 516
696 529
696 586
696 876
697 316
697 522
697 693
697 910
698 404
698 477
698 573
698 628
699 172
699 242
699 446
699 557
700 58
700 764
700 804
700 858
701 6
701 197
701 213
701 413
702 65
702 257
702 745
702 845
703 361
703 493
703 819
703 1000
704 1
704 197
704 856
704 951
705 136
705 183
705 950
705 999
706 307
706 440
706 721
706 770
707 683
707 770
707 798
707 803
708 100
708 414
708 513
708 726
709 184
709 412
709 452
709 888
710 114
710 220
710 821
710 860
711 148
711 184
711 352
711 1000
712 233
712 391
712 469
712 696
713 515
713 617
713 736
713 948
714 353
714 556
714 685
714 818
715 52
715 133
715 144
715 915
716 28
716 515
716 628
716 802
717 112
717 394
717 589
717 912
718 306
718 469
718 486
718 593
719 86
719 288
719 406
719 653
720 349
720 913
720 933
720 993
721 298
721 603
721 606
721 761
722 198
722 204
722 287
722 946
723 69
723 153
723 183
723 480
724 5
724 267
724 652
724 1000
725 41
725 117
725 233
725 748
726 104
726 294
726 384
726 464
727 162
727 278
727 394
727 467
728 64
728 176
728 749
728 925
729 325
729 422
729 766
729 946
730 316
730 440
730 468
730 971
731 118
731 756
731 918
731 968
732 391
732 637
732 647
732 931
733 14
733 114
733 139
733 765
734 210
734 335
734 732
734 943
735 275
735 339
735 440
735 720
736 48
736 98
736 315
736 936
737 331
737 380
737 652
737 664
738 196
738 490
738 599
738 725
739 545
739 557
739 772
739 780
740 344
740 358
740 663
740 764
741 42
741 183
741 549
741 939
742 39
742 58
742 420
742 917
743 67
743 337
743 461
743 661
744 20
744 306
744 505
744 729
745 508
745 534
745 638
745 905
746 129
746 265
746 673
746 724
747 538
747 748
747 825
747 862
748 191
748 234
748 636
748 815
749 26
749 417
749 421
749 838
750 293
750 880
750 941
750 951
751 128
751 283
751 330
751 808
752 17
752 180
752 439
752 459
753 254
753 660
753 695
753 732
754 79
754 546
754 832
754 849
755 394
755 803
755 831
755 900
756 153
756 396
756 595
756 699
757 579
757 581
757 697
757 931
758 313
758 352
758 483
758 778
759 368
759 634
759 799
759 967
760 198
760 278
760 353
760 711
761 576
761 652
761 755
761 785
762 115
762 135
762 305
762 526
763 8
763 252
763 359
763 771
764 293
764 758
764 887
764 937
765 494
765 529
765 775
765 920
766 9
766 249
766 253
766 943
767 190
767 370
767 564
767 591
768 216
768 366
768 820
768 984
769 254
769 330
769 957
769 998
770 50
770 241
770 396
770 647
771 156
771 277
771 441
771 721
772 178
772 416
772 647
772 818
773 98
773 332
773 338
773 657
774 114
774 263
774 358
774 784
775 149
775 492
775 579
775 980
776 413
776 516
776 578
776 852
777 275
777 643
777 760
777 936
778 115
778 142
778 264
778 590
779 141
779 326
779 652
779 810
780 238
780 418
780 565
780 875
781 708
781 831
781 946
781 970
782 53
782 60
782 215
782 597
783 356
783 495
783 576
783 883
784 272
784 424
784 507
784 836
785 154
785 197
785 295
785 894
786 25
786 129
786 206
786 860
787 31
787 80
787 221
787 356
788 260
788 453
788 746
788 866
789 189
789 686
789 840
789 915
790 203
790 407
790 492
790 916
791 242
791 445
791 469
791 938
792 722
792 903
792 933
792 938
793 205
793 376
793 418
793 469
794 258
794 517
794 525
794 564
795 14
795 26
795 321
795 788
796 244
796 252
796 650
796 835
797 3
797 367
797 663
797 929
798 249
798 256
798 459
798 874
799 63
799 87
799 641
799 799
800 63
800 494
800 543
800 811
801 108
801 121
801 194
801 590
802 195
802 514
802 537
802 989
803 15
803 469
803 972
803 990
804 253
804 361
804 837
804 920
805 185
805 281
805 881
805 905
806 142
806 564
806 629
806 741
807 136
807 525
807 710
807 952
808 49
808 414
808 647
808 874
809 181
809 261
809 298
809 890
810 50
810 173
810 256
810 649
811 458
811 674
811 793
811 860
812 264
812 298
812 425
812 980
813 413
813 557
813 623
813 858
814 44
814 286
814 461
814 582
815 234
815 441
815 933
815 980
816 115
816 484
816 506
816 916
817 161
817 571
817 770
817 776
818 3
818 492
818 748
818 855
819 38
819 92
819 432
819 989
820 621
820 917
820 933
820 981
821 95
821 536
821 860
821 904
822 312
822 462
822 635
822 754
823 149
823 238
823 769
823 826
824 55
824 79
824 293
824 549
825 2
825 292
825 638
825 807
826 137
826 361
826 369
826 535
827 251
827 276
827 440
827 637
828 86
828 95
828 278
828 646
829 124
829 132
829 510
829 870
830 220
830 954
830 986
830 995
831 13
831 334
831 564
831 699
832 174
832 577
832 811
832 877
833 27
833 151
833 311
833 923
834 75
834 382
834 681
834 808
835 845
835 902
835 911
835 955
836 279
836 413
836 499
836 528
837 209
837 447
837 577
837 779
838 35
838 297
838 321
838 662
839 131
839 295
839 399
839 806
840 61
840 163
840 247
840 962
841 332
841 419
841 792
841 991
842 10
842 211
842 250
842 502
843 306
843 429
843 615
843 720
844 76
844 303
844 359
844 793
845 280
845 607
845 676
845 681
846 107
846 186
846 287
846 573
847 42
847 140
847 275
847 927
848 138
848 412
848 512
848 566
849 77
849 258
849 432
849 859
850 11
850 448
850 606
850 979
851 377
851 447
851 575
851 920
852 265
852 352
852 564
852 732
853 82
853 393
853 524
853 959
854 303
854 629
854 786
854 843
855 62
855 422
855 953
855 963
856 106
856 225
856 477
856 709
857 83
857 271
857 397
857 581
858 194
858 363
858 395
858 815
859 226
859 607
859 722
859 746
860 343
860 486
860 885
860 887
861 128
861 797
861 817
861 935
862 56
862 406
862 731
862 791
863 442
863 557
863 811
863 865
864 277
864 424
864 512
864 981
865 128
865 394
865 594
865 756
866 180
866 320
866 612
866 837
867 12
867 492
867 557
867 704
868 78
868 404
868 430
868 824
869 386
869 611
869 718
869 976
870 254
870 597
870 814
870 988
871 207
871 472
871 931
871 956
872 284
872 402
872 529
872 640
873 111
873 440
873 699
873 982
874 1
874 124
874 212
874 337
875 454
875 491
875 721
875 989
876 348
876 565
876 659
876 898
877 330
877 392
877 659
877 911
878 18
878 295
878 463
878 781
879 103
879 563
879 752
879 828
880 337
880 462
880 954
880 956
881 32
881 139
881 443
881 469
882 437
882 476
882 686
882 972
883 148
883 275
883 567
883 594
884 80
884 172
884 250
884 466
885 71
885 505
885 738
885 890
886 491
886 586
886 793
886 901
887 6
887 48
887 157
887 321
888 325
888 328
888 356
888 367
889 37
889 60
889 530
889 794
890 7
890 575
890 761
890 805
891 498
891 539
891 816
891 884
892 119
892 211
892 989
892 998
893 285
893 362
893 474
893 764
894 101
894 549
894 672
894 897
895 86
895 159
895 815
895 930
896 5
896 63
896 364
896 988
897 2
897 194
897 220
897 903
898 440
898 538
898 661
898 982
899 332
899 390
899 521
899 819
900 132
900 238
900 530
900 871
901 93
901 353
901 518
901 786
902 524
902 718
902 741
902 955
903 171
903 610
903 766
903 833
904 116
904 229
904 682
904 691
905 774
905 844
905 894
905 992
906 184
906 270
906 330
906 856
907 209
907 274
907 312
907 957
908 158
908 374
908 429
908 993
909 71
909 162
909 299
909 539
910 367
910 710
910 767
910 961
911 207
911 347
911 850
911 896
912 317
912 624
912 649
912 960
913 43
913 376
913 474
913 675
914 31
914 441
914 570
914 906
915 119
915 382
915 710
915 963
916 120
916 498
916 724
916 911
917 224
917 345
917 590
917 875
918 107
918 378
918 579
918 867
919 234
919 342
919 432
919 827
920 69
920 215
920 667
920 902
921 115
921 258
921 899
921 913
922 345
922 404
922 685
922 983
923 130
923 165
923 236
923 937
924 105
924 329
924 738
924 927
925 426
925 548
925 575
925 908
926 346
926 575
926 652
926 717
927 210
927 235
927 620
927 993
928 98
928 407
928 735
928 746
929 49
929 518
929 570
929 777
930 381
930 387
930 452
930 771
931 285
931 297
931 584
931 877
932 331
932 606
932 669
932 806
933 263
933 337
933 710
933 838
934 230
934 537
934 624
934 742
935 27
935 71
935 299
935 845
936 97
936 120
936 161
936 428
937 102
937 387
937 400
937 779
938 492
938 618
938 730
938 964
939 9
939 285
939 559
939 675
940 142
940 429
940 516
940 754
941 275
941 444
941 685
941 987
942 168
942 378
942 667
942 688
943 85
943 341
943 467
943 540
944 324
944 370
944 593
944 953
945 295
945 540
945 903
945 955
946 178
946 336
946 631
946 744
947 131
947 369
947 389
947 886
948 79
948 322
948 354
948 583
949 575
949 636
949 894
949 984
950 116
950 497
950 540
950 833
951 306
951 505
951 521
951 783
952 129
952 278
952 416
952 837
953 3
953 388
953 508
953 689
954 32
954 667
954 966
954 987
955 20
955 559
955 684
955 962
956 504
956 594
956 942
956 981
957 480
957 527
957 725
957 967
958 42
958 641
958 698
958 970
959 305
959 607
959 706
959 866
960 200
960 262
960 441
960 634
961 257
961 518
961 521
961 923
962 128
962 308
962 950
962 980
963 26
963 460
963 510
963 981
964 183
964 240
964 375
964 927
965 54
965 428
965 463
965 773
966 20
966 101
966 165
966 894
967 583
967 720
967 899
967 941
968 6
968 111
968 217
968 220
969 59
969 433
969 610
969 865
970 152
970 413
970 716
970 756
971 442
971 705
971 711
971 742
972 161
972 295
972 398
972 625
973 66
973 531
973 617
973 910
974 89
974 198
974 364
974 756
975 144
975 181
975 287
975 881
976 400
976 426
976 495
976 669
977 226
977 485
977 595
977 773
978 52
978 451
978 823
978 882
979 204
979 304
979 523
979 841
980 385
980 599
980 608
980 713
981 594
981 759
981 813
981 976
982 48
982 269
982 848
982 854
983 499
983 589
983 829
983 877
984 8
984 197
984 247
984 534
985 66
985 370
985 445
985 698
986 442
986 652
986 675
986 953
987 195
987 297
987 363
987 771
988 243
988 294
988 344
988 433
989 459
989 669
989 678
989 695
990 258
990 325
990 455
990 579
991 318
991 606
991 661
991 861
992 593
992 610
992 906
992 958
993 645
993 723
993 774
993 939
994 65
994 329
994 340
994 847
995 200
995 527
995 563
995 717
996 424
996 497
996 679
996 958
997 148
997 330
997 761
997 925
998 223
998 576
998 815
998 837
999 383
999 580
999 861
999 908
1000 248
1000 701
1000 825
1000 966
