# The woods are lovely, dark and deep
# But I have promises to keep
# Size: 1000 And miles to go before I sleep
# And miles to go before I sleep
1 179
1 234
1 489
1 691
2 156
2 369
2 680
2 732
3 101
3 632
3 734
3 743
4 52
4 477
4 592
4 618
5 301
5 356
5 568
5 631
6 622
6 662
6 725
6 755
7 126
7 573
7 657
7 895
8 441
8 730
8 854
8 982
9 208
9 460
9 776
9 885
10 72
10 419
10 540
10 979
11 87
11 379
11 504
11 708
12 108
12 430
12 474
12 617
13 72
13 325
13 433
13 851
14 86
14 131
14 807
14 937
15 26
15 119
15 410
15 480
16 69
16 100
16 144
16 831
17 91
17 111
17 256
17 724
18 271
18 415
18 745
18 877
19 181
19 417
19 836
19 934
20 346
20 433
20 692
20 787
21 199
21 285
21 379
21 657
22 271
22 559
22 702
22 994
23 564
23 924
23 974
23 998
24 289
24 332
24 855
24 925
25 236
25 521
25 661
25 935
26 109
26 482
26 590
26 881
27 383
27 490
27 783
27 987
28 250
28 407
28 665
28 979
29 123
29 330
29 541
29 840
30 252
30 429
30 591
30 695
31 330
31 421
31 720
31 977
32 55
32 377
32 422
32 894
33 213
33 420
33 517
33 937
34 129
34 184
34 574
34 994
35 207
35 500
35 844
35 997
36 15
36 756
36 768
36 972
37 80
37 483
37 738
37 780
38 174
38 219
38 444
38 484
39 273
39 323
39 461
39 768
40 33
40 287
40 387
40 503
41 535
41 792
41 892
41 990
42 171
42 289
42 782
42 852
43 531
43 541
43 578
43 843
44 141
44 671
44 705
44 867
45 577
45 707
45 755
45 921
46 124
46 221
46 286
46 945
47 181
47 399
47 810
47 864
48 624
48 708
48 832
48 916
49 517
49 549
49 751
49 865
50 240
50 853
50 949
50 975
51 28
51 552
51 912
51 973
52 118
52 232
52 404
52 910
53 233
53 415
53 707
53 888
54 338
54 423
54 646
54 773
55 403
55 468
55 654
55 995
56 130
56 651
56 717
56 961
57 118
57 472
57 490
57 623
58 88
58 631
58 874
58 913
59 263
59 360
59 524
59 732
60 234
60 339
60 597
60 768
61 41
61 352
61 734
61 970
62 275
62 349
62 610
62 890
63 148
63 328
63 385
63 582
64 66
64 370
64 390
64 883
65 520
65 643
65 812
65 887
66 304
66 429
66 543
66 569
67 9
67 127
67 164
67 343
68 101
68 214
68 345
68 993
69 195
69 265
69 443
69 723
70 267
70 502
70 773
70 989
71 476
71 612
71 847
71 967
72 730
72 824
72 825
72 939
73 119
73 204
73 917
73 943
74 186
74 526
74 709
74 960
75 40
75 112
75 845
75 964
76 126
76 295
76 587
76 867
77 264
77 277
77 469
77 754
78 54
78 592
78 808
78 902
79 198
79 556
79 739
79 797
80 200
80 342
80 522
80 737
81 424
81 648
81 732
81 800
82 13
82 183
82 184
82 577
83 372
83 488
83 623
83 795
84 668
84 887
84 984
84 998
85 396
85 453
85 672
85 908
86 354
86 474
86 614
86 871
87 131
87 140
87 232
87 865
88 565
88 574
88 828
88 954
89 31
89 103
89 182
89 706
90 466
90 619
90 895
90 989
91 66
91 291
91 694
91 783
92 3
92 72
92 303
92 338
93 353
93 735
93 801
93 928
94 432
94 568
94 917
94 995
95 25
95 188
95 428
95 541
96 105
96 281
96 298
96 625
97 67
97 122
97 754
97 967
98 126
98 195
98 560
98 981
99 505
99 684
99 700
99 956
100 102
100 143
100 318
100 499
101 141
101 220
101 344
101 453
102 24
102 72
102 374
102 616
103 158
103 380
103 560
103 656
104 663
104 712
104 772
104 919
105 403
105 420
105 471
105 475
106 30
106 63
106 141
106 490
107 207
107 366
107 699
107 702
108 61
108 709
108 953
108 956
109 241
109 521
109 583
109 692
110 70
110 152
110 514
110 757
111 545
111 649
111 744
111 786
112 240
112 321
112 639
112 806
113 41
113 268
113 516
113 845
114 304
114 519
114 581
114 830
115 264
115 303
115 390
115 400
116 334
116 445
116 793
116 854
117 186
117 278
117 624
117 651
118 50
118 320
118 595
118 890
119 8
119 404
119 575
119 932
120 246
120 256
120 656
120 919
121 493
121 617
121 939
121 956
122 66
122 222
122 559
122 746
123 543
123 707
123 797
123 852
124 123
124 526
124 749
124 752
125 247
125 518
125 562
125 678
126 260
126 359
126 712
126 992
127 307
127 382
127 764
127 842
128 188
128 252
128 492
128 583
129 625
129 649
129 778
129 993
130 88
130 313
130 619
130 846
131 241
131 592
131 736
131 758
132 365
132 772
132 901
132 902
133 17
133 171
133 568
133 982
134 175
134 313
134 536
134 880
135 189
135 578
135 724
135 740
136 88
136 95
136 327
136 567
137 371
137 373
137 429
137 956
138 447
138 449
138 555
138 870
139 355
139 408
139 416
139 459
140 12
140 188
140 724
140 821
141 434
141 687
141 814
141 982
142 107
142 202
142 673
142 713
143 375
143 390
143 718
143 959
144 292
144 444
144 476
144 788
145 50
145 224
145 325
145 747
146 278
146 368
146 375
146 481
147 48
147 283
147 850
147 864
148 44
148 640
148 693
148 957
149 333
149 725
149 935
149 968
150 45
150 195
150 859
150 876
151 432
151 518
151 645
151 829
152 38
152 855
152 871
152 919
153 224
153 384
153 470
153 848
154 164
154 222
154 920
154 946
155 62
155 231
155 499
155 764
156 52
156 266
156 473
156 707
157 15
157 167
157 317
157 755
158 165
158 602
158 656
158 921
159 183
159 462
159 632
159 675
160 215
160 224
160 492
160 927
161 407
161 451
161 574
161 644
162 109
162 750
162 812
162 911
163 210
163 328
163 448
163 564
164 234
164 290
164 327
164 539
165 645
165 828
165 832
165 859
166 23
166 29
166 161
166 651
167 160
167 529
167 590
167 720
168 298
168 361
168 875
168 998
169 306
169 444
169 526
169 724
170 96
170 313
170 574
170 580
171 201
171 448
171 498
171 915
172 186
172 458
172 769
172 847
173 91
173 336
173 815
173 863
174 47
174 359
174 855
174 936
175 411
175 511
175 612
175 732
176 55
176 493
176 599
176 821
177 69
177 313
177 670
177 928
178 146
178 165
178 618
178 754
179 39
179 618
179 763
179 872
180 853
180 876
180 959
180 964
181 93
181 170
181 606
181 987
182 203
182 290
182 646
182 845
183 62
183 292
183 467
183 821
184 434
184 553
184 857
184 997
185 358
185 606
185 836
185 872
186 604
186 830
186 844
186 924
187 147
187 232
187 242
187 877
188 181
188 794
188 842
188 970
189 184
189 212
189 353
189 632
190 21
190 270
190 356
190 389
191 221
191 492
191 604
191 979
192 395
192 779
192 963
192 982
193 464
193 489
193 802
193 939
194 429
194 634
194 829
194 894
195 504
195 553
195 660
195 669
196 59
196 263
196 423
196 791
197 227
197 393
197 689
197 786
198 82
198 373
198 401
198 451
199 68
199 539
199 769
199 916
200 66
200 397
200 653
200 824
201 388
201 486
201 724
201 795
202 311
202 836
202 911
202 957
203 19
203 305
203 335
203 876
204 446
204 448
204 918
204 941
205 137
205 236
205 461
205 620
206 298
206 522
206 557
206 885
207 136
207 284
207 420
207 498
208 204
208 464
208 583
208 609
209 27
209 528
209 882
209 972
210 69
210 383
210 576
210 922
211 104
211 272
211 787
211 874
212 236
212 393
212 944
212 948
213 261
213 280
213 769
213 833
214 90
214 470
214 758
214 986
215 53
215 98
215 236
215 259
216 249
216 484
216 891
216 941
217 256
217 297
217 309
217 515
218 521
218 787
218 835
218 952
219 289
219 313
219 794
219 889
220 321
220 439
220 590
220 981
221 186
221 428
221 708
221 848
222 267
222 301
222 410
222 413
223 37
223 591
223 630
223 958
224 293
224 718
224 827
224 899
225 274
225 466
225 501
225 927
226 298
226 343
226 758
226 856
227 449
227 576
227 878
227 930
228 840
228 849
228 934
228 935
229 364
229 727
229 870
229 999
230 489
230 528
230 855
230 960
231 45
231 579
231 698
231 703
232 161
232 640
232 837
232 852
233 547
233 602
233 647
233 698
234 28
234 285
234 647
234 772
235 472
235 724
235 912
235 913
236 128
236 236
236 285
236 568
237 35
237 531
237 757
237 829
238 37
238 238
238 380
238 602
239 284
239 316
239 695
239 776
240 146
240 351
240 392
240 571
241 6
241 610
241 618
241 725
242 236
242 435
242 671
242 680
243 4
243 177
243 332
243 497
244 141
244 508
244 626
244 648
245 232
245 354
245 757
245 762
246 181
246 380
246 714
246 961
247 65
247 195
247 613
247 705
248 30
248 427
248 611
248 812
249 183
249 483
249 713
249 781
250 374
250 382
250 561
250 834
251 160
251 770
251 867
251 923
252 238
252 256
252 497
252 728
253 63
253 364
253 385
253 724
254 110
254 426
254 829
254 890
255 131
255 702
255 748
255 787
256 57
256 377
256 622
256 680
257 53
257 189
257 560
257 745
258 11
258 213
258 434
258 768
259 335
259 537
259 743
259 997
260 24
260 156
260 323
260 468
261 229
261 691
261 881
261 893
262 365
262 524
262 835
262 982
263 178
263 231
263 294
263 826
264 79
264 248
264 895
264 950
265 24
265 193
265 470
265 853
266 305
266 780
266 806
266 923
267 330
267 486
267 523
267 737
268 679
268 789
268 811
268 869
269 6
269 24
269 224
269 976
270 204
270 332
270 337
270 731
271 95
271 344
271 557
271 804
272 106
272 403
272 794
272 846
273 96
273 126
273 412
273 595
274 38
274 310
274 536
274 541
275 8
275 351
275 452
275 802
276 144
276 548
276 570
276 666
277 47
277 143
277 534
277 892
278 50
278 115
278 371
278 934
279 279
279 321
279 646
279 954
280 86
280 328
280 451
280 992
281 310
281 405
281 667
281 724
282 223
282 379
282 955
282 966
283 27
283 329
283 727
283 950
284 26
284 84
284 188
284 567
285 136
285 295
285 621
285 783
286 236
286 382
286 563
286 843
287 92
287 155
287 388
287 657
288 226
288 372
288 629
288 652
289 106
289 152
289 367
289 396
290 9
290 52
290 177
290 616
291 570
291 682
291 703
291 912
292 214
292 534
292 564
292 583
293 395
293 396
293 727
293 970
294 167
294 343
294 407
294 656
295 183
295 699
295 865
295 963
296 366
296 560
296 605
296 621
297 184
297 300
297 724
297 823
298 15
298 351
298 413
298 573
299 70
299 445
299 627
299 890
300 105
300 312
300 727
300 817
301 194
301 350
301 639
301 908
302 73
302 239
302 343
302 852
303 277
303 640
303 956
303 986
304 434
304 483
304 611
304 787
305 149
305 513
305 716
305 920
306 1
306 10
306 358
306 733
307 21
307 368
307 509
307 744
308 341
308 698
308 896
308 904
309 415
309 451
309 471
309 562
310 29
310 160
310 492
310 741
311 4
311 163
311 432
311 563
312 58
312 700
312 870
312 945
313 325
313 476
313 912
313 986
314 646
314 660
314 751
314 915
315 467
315 518
315 530
315 783
316 172
316 257
316 384
316 948
317 201
317 367
317 825
317 829
318 147
318 158
318 782
318 970
319 152
319 726
319 730
319 997
320 438
320 458
320 608
320 709
321 34
321 338
321 599
321 894
322 39
322 135
322 267
322 796
323 86
323 635
323 877
323 974
324 134
324 357
324 416
324 833
325 43
325 130
325 425
325 661
326 57
326 368
326 569
326 909
327 382
327 507
327 873
327 886
328 401
328 408
328 499
328 678
329 369
329 682
329 824
329 926
330 237
330 326
330 405
330 613
331 340
331 553
331 580
331 726
332 89
332 142
332 403
332 478
333 164
333 263
333 545
333 692
334 238
334 407
334 714
334 871
335 18
335 187
335 583
335 627
336 691
336 764
336 767
336 865
337 47
337 169
337 618
337 905
338 285
338 619
338 695
338 882
339 475
339 669
339 847
339 965
340 96
340 130
340 141
340 622
341 261
341 276
341 497
341 730
342 416
342 566
342 708
342 798
343 41
343 434
343 535
343 925
344 616
344 649
344 745
344 959
345 330
345 621
345 664
345 991
346 33
346 242
346 695
346 860
347 27
347 414
347 468
347 761
348 411
348 592
348 735
348 810
349 39
349 295
349 330
349 980
350 7
350 435
350 867
350 934
351 291
351 357
351 514
351 599
352 183
352 333
352 409
352 502
353 231
353 381
353 485
353 864
354 192
354 469
354 703
354 831
355 35
355 645
355 943
355 974
356 77
356 491
356 803
356 986
357 99
357 211
357 595
357 643
358 382
358 501
358 977
358 995
359 330
359 772
359 811
359 970
360 513
360 737
360 807
360 827
361 7
361 43
361 481
361 873
362 508
362 670
362 860
362 962
363 379
363 580
363 743
363 822
364 10
364 18
364 368
364 874
365 225
365 249
365 663
365 709
366 85
366 345
366 444
366 588
367 75
367 363
367 840
367 909
368 358
368 497
368 561
368 900
369 511
369 910
369 933
369 940
370 192
370 487
370 625
370 907
371 237
371 494
371 533
371 676
372 426
372 678
372 773
372 887
373 58
373 305
373 576
373 954
374 18
374 240
374 266
374 453
375 501
375 660
375 849
375 956
376 153
376 650
376 748
376 784
377 241
377 431
377 818
377 863
378 52
378 89
378 217
378 633
379 60
379 480
379 779
379 912
380 412
380 619
380 675
380 741
381 222
381 768
381 854
381 931
382 357
382 417
382 599
382 790
383 363
383 457
383 477
383 758
384 59
384 790
384 897
384 961
385 1
385 201
385 247
385 375
386 65
386 211
386 615
386 642
387 90
387 302
387 342
387 577
388 704
388 796
388 902
388 904
389 120
389 344
389 379
389 833
390 229
390 439
390 907
390 960
391 5
391 60
391 122
391 897
392 273
392 325
392 496
392 606
393 77
393 634
393 683
393 899
394 353
394 368
394 378
394 628
395 38
395 114
395 253
395 466
396 200
396 552
396 705
396 860
397 129
397 458
397 769
397 808
398 195
398 204
398 692
398 772
399 45
399 88
399 215
399 399
400 270
400 274
400 455
400 947
401 93
401 564
401 579
401 840
402 436
402 661
402 862
402 949
403 128
403 251
403 732
403 946
404 151
404 266
404 272
404 553
405 483
405 503
405 558
405 656
406 148
406 455
406 870
406 962
407 459
407 578
407 696
407 720
408 211
408 570
408 887
408 939
409 133
409 434
409 660
409 917
410 503
410 558
410 677
410 829
411 353
411 422
411 481
411 997
412 503
412 625
412 666
412 837
413 5
413 21
413 393
413 769
414 236
414 420
414 823
414 903
415 320
415 694
415 773
415 856
416 55
416 311
416 316
416 451
417 583
417 732
417 741
417 812
418 170
418 409
418 640
418 815
419 48
419 140
419 144
419 500
420 513
420 612
420 652
420 787
421 306
421 355
421 555
421 787
422 6
422 352
422 512
422 872
423 11
423 432
423 682
423 894
424 82
424 554
424 574
424 962
425 168
425 242
425 455
425 741
426 89
426 394
426 610
426 728
427 339
427 378
427 424
427 676
428 82
428 237
428 310
428 880
429 348
429 381
429 559
429 735
430 93
430 416
430 443
430 923
431 233
431 244
431 245
431 1000
432 33
432 148
432 298
432 317
433 25
433 208
433 253
433 430
434 671
434 758
434 779
434 915
435 142
435 246
435 504
435 950
436 88
436 420
436 722
436 876
437 168
437 179
437 295
437 721
438 7
438 323
438 723
438 922
439 96
439 196
439 698
439 880
440 132
440 256
440 522
440 848
441 145
441 247
441 586
441 965
442 403
442 695
442 797
442 814
443 107
443 442
443 633
443 912
444 93
444 107
444 632
444 725
445 227
445 416
445 748
445 782
446 164
446 215
446 618
446 691
447 217
447 360
447 475
447 761
448 38
448 271
448 288
448 859
449 75
449 155
449 452
449 848
450 527
450 630
450 631
450 743
451 250
451 317
451 452
451 703
452 307
452 385
452 395
452 430
453 74
453 222
453 570
453 893
454 54
454 469
454 853
454 915
455 442
455 723
455 762
455 956
456 89
456 419
456 719
456 795
457 126
457 353
457 354
457 831
458 357
458 541
458 943
458 964
459 82
459 486
459 697
459 870
460 86
460 164
460 606
460 966
461 162
461 518
461 658
461 979
462 53
462 304
462 560
462 592
463 532
463 545
463 716
463 906
464 41
464 396
464 403
464 894
465 19
465 230
465 482
465 569
466 382
466 406
466 701
466 773
467 71
467 213
467 461
467 816
468 284
468 331
468 622
468 672
469 209
469 305
469 456
469 536
470 339
470 503
470 839
470 931
471 509
471 892
471 930
471 933
472 633
472 739
472 913
472 943
473 86
473 179
473 352
473 776
474 502
474 562
474 603
474 956
475 125
475 299
475 835
475 899
476 419
476 430
476 517
476 849
477 104
477 239
477 542
477 720
478 163
478 240
478 563
478 929
479 885
479 950
479 970
479 1000
480 370
480 545
480 696
480 813
481 245
481 273
481 414
481 757
482 6
482 136
482 628
482 766
483 446
483 478
483 573
483 801
484 124
484 367
484 392
484 945
485 188
485 808
485 879
485 915
486 367
486 388
486 544
486 754
487 6
487 160
487 520
487 785
488 131
488 186
488 226
488 392
489 369
489 573
489 828
489 830
490 417
490 579
490 826
490 890
491 13
491 432
491 736
491 977
492 419
492 652
492 990
492 998
493 23
493 344
493 663
493 721
494 43
494 46
494 508
494 878
495 545
495 546
495 702
495 943
496 216
496 488
496 522
496 961
497 342
497 531
497 865
497 936
498 227
498 425
498 480
498 897
499 207
499 234
499 460
499 721
500 27
500 358
500 707
500 789
501 162
501 297
501 407
501 550
502 355
502 521
502 703
502 732
503 103
503 357
503 623
503 900
504 74
504 169
504 310
504 384
505 97
505 121
505 408
505 628
506 140
506 239
506 492
506 787
507 497
507 803
507 834
507 896
508 26
508 128
508 407
508 531
509 222
509 382
509 733
509 993
510 29
510 318
510 435
510 983
511 208
511 313
511 634
511 695
512 537
512 751
512 803
512 967
513 239
513 293
513 559
513 583
514 7
514 610
514 799
514 958
515 371
515 419
515 481
515 651
516 236
516 815
516 879
516 970
517 65
517 66
517 239
517 887
518 260
518 575
518 693
518 932
519 277
519 298
519 779
519 803
520 81
520 312
520 494
520 651
521 455
521 650
521 751
521 895
522 322
522 416
522 694
522 999
523 34
523 315
523 805
523 981
524 19
524 418
524 723
524 958
525 89
525 149
525 202
525 878
526 207
526 324
526 633
526 662
527 170
527 338
527 546
527 616
528 73
528 260
528 613
528 742
529 285
529 419
529 953
529 971
530 208
530 372
530 423
530 857
531 199
531 954
531 955
531 981
532 75
532 866
532 899
532 913
533 20
533 26
533 385
533 853
534 206
534 492
534 532
534 936
535 18
535 88
535 610
535 715
536 148
536 274
536 446
536 685
537 281
537 296
537 673
537 803
538 82
538 427
538 784
538 896
539 223
539 312
539 347
539 580
540 111
540 133
540 189
540 784
541 38
541 418
541 479
541 728
542 422
542 461
542 609
542 912
543 41
543 244
543 752
543 869
544 124
544 367
544 846
544 868
545 293
545 345
545 467
545 995
546 125
546 667
546 876
546 964
547 37
547 145
547 385
547 543
548 248
548 272
548 457
548 499
549 231
549 352
549 550
549 988
550 98
550 147
550 305
550 938
551 261
551 321
551 726
551 915
552 192
552 216
552 444
552 534
553 167
553 252
553 424
553 612
554 1
554 405
554 432
554 767
555 69
555 165
555 575
555 880
556 212
556 486
556 613
556 687
557 118
557 360
557 698
557 768
558 44
558 164
558 555
558 779
559 225
559 415
559 766
559 812
560 496
560 554
560 704
560 990
561 171
561 730
561 812
561 915
562 48
562 292
562 707
562 764
563 41
563 155
563 298
563 749
564 22
564 532
564 681
564 810
565 146
565 220
565 296
565 485
566 25
566 74
566 697
566 943
567 129
567 302
567 460
567 949
568 124
568 187
568 793
568 823
569 840
569 849
569 882
569 889
570 93
570 487
570 595
570 949
571 144
571 487
571 754
571 901
572 331
572 568
572 780
572 886
573 189
573 382
573 601
573 757
574 57
574 336
574 442
574 540
575 341
575 642
575 652
575 841
576 187
576 228
576 302
576 772
577 37
577 570
577 690
577 877
578 123
578 436
578 601
578 749
579 99
579 624
579 799
579 845
580 26
580 125
580 742
580 758
581 280
581 480
581 673
581 707
582 540
582 636
582 706
582 987
583 171
583 194
583 252
583 775
584 249
584 361
584 688
584 927
585 22
585 507
585 565
585 739
586 82
586 584
586 710
586 809
587 116
587 397
587 478
587 900
588 140
588 170
588 442
588 963
589 29
589 502
589 879
589 886
590 702
590 713
590 802
590 882
591 120
591 758
591 853
591 963
592 136
592 190
592 392
592 453
593 284
593 608
593 864
593 926
594 283
594 413
594 897
594 955
595 359
595 603
595 898
595 913
596 552
596 744
596 828
596 939
597 110
597 420
597 686
597 733
598 204
598 285
598 605
598 881
599 13
599 316
599 787
599 924
600 128
600 280
600 724
600 990
601 310
601 395
601 532
601 746
602 621
602 692
602 815
602 914
603 17
603 98
603 637
603 640
604 233
604 261
604 744
604 745
605 601
605 786
605 802
605 987
606 165
606 314
606 454
606 891
607 349
607 494
607 759
607 945
608 2
608 103
608 768
608 994
609 475
609 700
609 737
609 955
610 95
610 593
610 856
610 881
611 86
611 118
611 720
611 941
612 92
612 118
612 445
612 455
613 157
613 631
613 779
613 909
614 80
614 105
614 128
614 963
615 99
615 699
615 846
615 955
616 113
616 213
616 305
616 856
617 100
617 340
617 567
617 949
618 107
618 498
618 641
618 917
619 149
619 389
619 763
619 780
620 74
620 164
620 173
620 346
621 288
621 289
621 360
621 608
622 287
622 303
622 671
622 745
623 164
623 225
623 452
623 517
624 133
624 181
624 458
624 682
625 97
625 672
625 728
625 866
626 487
626 653
626 713
626 791
627 32
627 119
627 338
627 818
628 435
628 707
628 844
628 945
629 21
629 148
629 320
629 787
630 34
630 50
630 84
630 651
631 429
631 470
631 568
631 861
632 46
632 331
632 526
632 886
633 336
633 458
633 944
633 972
634 398
634 558
634 813
634 928
635 364
635 519
635 549
635 581
636 135
636 589
636 674
636 783
637 271
637 303
637 420
637 836
638 82
638 115
638 221
638 420
639 122
639 263
639 476
639 851
640 394
640 435
640 566
640 865
641 156
641 221
641 771
641 999
642 76
642 753
642 775
642 962
643 95
643 609
643 630
643 631
644 303
644 447
644 712
644 875
645 73
645 358
645 889
645 908
646 394
646 499
646 790
646 887
647 379
647 719
647 758
647 994
648 66
648 191
648 476
648 809
649 93
649 214
649 724
649 950
650 280
650 551
650 651
650 957
651 718
651 727
651 791
651 909
652 132
652 395
652 401
652 968
653 74
653 245
653 684
653 733
654 66
654 161
654 579
654 618
655 115
655 249
655 251
655 600
656 32
656 452
656 496
656 853
657 132
657 234
657 434
657 643
658 63
658 319
658 518
658 922
659 47
659 649
659 777
659 932
660 489
660 612
660 624
660 859
661 305
661 313
661 469
661 690
662 356
662 599
662 601
662 843
663 364
663 418
663 443
663 602
664 701
664 752
664 892
664 999
665 211
665 350
665 630
665 835
666 90
666 675
666 826
666 829
667 366
667 626
667 813
667 868
668 232
668 315
668 668
668 831
669 144
669 359
669 521
669 585
670 45
670 52
670 261
670 678
671 318
671 484
671 635
671 797
672 211
672 317
672 927
672 934
673 337
673 408
673 783
673 852
674 271
674 325
674 429
674 579
675 271
675 450
675 712
675 804
676 24
676 49
676 98
676 680
677 632
677 658
677 778
677 850
678 14
678 40
678 383
678 865
679 53
679 163
679 908
679 949
680 119
680 139
680 349
680 600
681 130
681 329
681 795
681 932
682 498
682 736
682 791
682 973
683 65
683 104
683 114
683 162
684 52
684 82
684 126
684 958
685 795
685 840
685 851
685 927
686 64
686 182
686 257
686 827
687 61
687 570
687 572
687 784
688 185
688 314
688 329
688 454
689 16
689 91
689 466
689 699
690 48
690 690
690 709
690 932
691 370
691 517
691 747
691 918
692 176
692 184
692 566
692 878
693 14
693 203
693 241
693 855
694 214
694 299
694 618
694 873
695 10
695 152
695 334
695 404
696 40
696 312
696 600
696 703
697 265
697 498
697 590
697 821
698 232
698 321
698 712
698 811
699 100
699 252
699 382
699 955
700 342
700 409
700 701
700 808
701 72
701 348
701 469
701 907
702 60
702 280
702 599
702 643
703 14
703 565
703 609
703 613
704 119
704 299
704 639
704 971
705 418
705 541
705 680
705 1000
706 154
706 252
706 383
706 393
707 88
707 173
707 954
707 993
708 33
708 437
708 610
708 718
709 758
709 793
709 865
709 952
710 32
710 320
710 371
710 657
711 46
711 330
711 441
711 802
712 110
712 366
712 549
712 829
713 34
713 178
713 225
713 918
714 80
714 386
714 697
714 963
715 77
715 267
715 515
715 839
716 275
716 749
716 922
716 934
717 336
717 628
717 721
717 746
718 154
718 168
718 294
718 720
719 189
719 264
719 836
719 925
720 51
720 187
720 292
720 348
721 135
721 208
721 362
721 526
722 28
722 476
722 540
722 678
723 235
723 319
723 539
723 602
724 22
724 117
724 126
724 397
725 70
725 716
725 794
725 958
726 54
726 257
726 433
726 467
727 17
727 209
727 303
727 451
728 25
728 164
728 346
728 900
729 92
729 305
729 407
729 915
730 369
730 549
730 606
730 709
731 61
731 106
731 639
731 871
732 100
732 209
732 266
732 449
733 146
733 181
733 554
733 703
734 118
734 308
734 501
734 637
735 228
735 469
735 577
735 640
736 314
736 693
736 897
736 933
737 60
737 583
737 740
737 810
738 88
738 394
738 578
738 632
739 382
739 676
739 845
739 942
740 204
740 402
740 428
740 642
741 178
741 315
741 730
741 742
742 314
742 673
742 779
742 875
743 454
743 477
743 492
743 683
744 38
744 129
744 316
744 820
745 149
745 243
745 514
745 608
746 91
746 309
746 616
746 937
747 399
747 425
747 532
747 976
748 117
748 209
748 452
748 605
749 103
749 155
749 209
749 992
750 123
750 731
750 830
750 893
751 37
751 107
751 362
751 728
752 92
752 648
752 811
752 990
753 73
753 721
753 724
753 887
754 118
754 313
754 408
754 794
755 42
755 184
755 360
755 496
756 222
756 439
756 646
756 827
757 590
757 625
757 673
757 725
758 75
758 346
758 414
758 509
759 208
759 221
759 339
759 801
760 126
760 161
760 634
760 751
761 25
761 75
761 808
761 972
762 91
762 447
762 481
762 925
763 534
763 682
763 982
763 990
764 176
764 376
764 510
764 987
765 254
765 549
765 683
765 911
766 26
766 395
766 831
766 844
767 422
767 536
767 856
767 883
768 496
768 665
768 847
768 872
769 13
769 491
769 622
769 786
770 335
770 662
770 695
770 925
771 389
771 419
771 566
771 584
772 173
772 216
772 686
772 705
773 80
773 337
773 425
773 981
774 58
774 66
774 730
774 943
775 33
775 62
775 473
775 977
776 134
776 590
776 896
776 924
777 58
777 121
777 428
777 524
778 127
778 507
778 606
778 683
779 301
779 380
779 659
779 747
780 178
780 272
780 308
780 912
781 39
781 327
781 338
781 890
782 289
782 609
782 633
782 791
783 108
783 160
783 484
783 946
784 158
784 539
784 873
784 971
785 117
785 451
785 725
785 995
786 573
786 749
786 835
786 979
787 4
787 30
787 450
787 481
788 310
788 423
788 641
788 654
789 155
789 408
789 614
789 640
790 208
790 432
790 590
790 714
791 200
791 346
791 602
791 871
792 238
792 387
792 491
792 874
793 99
793 514
793 719
793 855
794 466
794 524
794 651
794 861
795 41
795 355
795 589
795 755
796 64
796 349
796 800
796 915
797 20
797 79
797 121
797 879
798 431
798 704
798 719
798 823
799 67
799 392
799 536
799 964
800 662
800 780
800 803
800 929
801 697
801 810
801 849
801 981
802 84
802 96
802 696
802 780
803 78
803 137
803 967
803 971
804 58
804 326
804 665
804 749
805 467
805 622
805 724
805 978
806 74
806 140
806 231
806 549
807 210
807 366
807 593
807 733
808 452
808 528
808 649
808 713
809 251
809 295
809 401
809 821
810 20
810 191
810 590
810 868
811 10
811 340
811 812
811 953
812 200
812 794
812 836
812 973
813 184
813 438
813 609
813 764
814 209
814 223
814 289
814 565
815 44
815 325
815 837
815 932
816 408
816 491
816 558
816 743
817 629
817 757
817 758
817 898
818 263
818 562
818 787
818 964
819 89
819 108
819 536
819 868
820 254
820 354
820 568
820 595
821 46
821 323
821 410
821 840
822 11
822 637
822 723
822 826
823 149
823 205
823 523
823 948
824 236
824 886
824 907
824 946
825 289
825 357
825 581
825 612
826 22
826 520
826 762
826 942
827 53
827 272
827 751
827 873
828 254
828 529
828 692
828 762
829 334
829 609
829 646
829 863
830 107
830 157
830 427
830 756
831 62
831 654
831 672
831 859
832 368
832 767
832 801
832 998
833 215
833 219
833 548
833 585
834 258
834 308
834 673
834 722
835 103
835 460
835 853
835 966
836 342
836 459
836 535
836 570
837 110
837 114
837 197
837 756
838 7
838 252
838 787
838 897
839 109
839 641
839 828
839 966
840 173
840 438
840 704
840 789
841 540
841 601
841 817
841 911
842 18
842 151
842 347
842 393
843 29
843 566
843 662
843 769
844 92
844 183
844 611
844 780
845 35
845 47
845 453
845 486
846 269
846 480
846 523
846 862
847 441
847 443
847 758
847 844
848 560
848 641
848 742
848 750
849 233
849 658
849 689
849 732
850 322
850 370
850 577
850 682
851 79
851 291
851 468
851 941
852 180
852 285
852 458
852 704
853 100
853 130
853 431
853 646
854 414
854 482
854 607
854 889
855 111
855 149
855 522
855 841
856 39
856 156
856 453
856 655
857 50
857 89
857 279
857 712
858 81
858 210
858 285
858 873
859 6
859 27
859 30
859 156
860 29
860 112
860 170
860 257
861 102
861 219
861 720
861 785
862 151
862 478
862 682
862 953
863 71
863 349
863 659
863 874
864 24
864 308
864 478
864 928
865 389
865 610
865 617
865 977
866 85
866 286
866 625
866 985
867 436
867 596
867 721
867 922
868 31
868 184
868 832
868 988
869 11
869 625
869 757
869 884
870 9
870 15
870 342
870 571
871 240
871 401
871 549
871 780
872 361
872 468
872 568
872 881
873 163
873 660
873 847
873 972
874 274
874 724
874 729
874 869
875 128
875 392
875 622
875 865
876 138
876 166
876 881
876 886
877 144
877 672
877 985
877 994
878 243
878 344
878 438
878 685
879 40
879 79
879 271
879 497
880 516
880 530
880 747
880 783
881 138
881 498
881 511
881 590
882 394
882 502
882 802
882 864
883 28
883 356
883 401
883 402
884 93
884 543
884 573
884 626
885 18
885 141
885 448
885 592
886 186
886 221
886 238
886 781
887 27
887 52
887 850
887 884
888 418
888 530
888 712
888 778
889 208
889 231
889 505
889 724
890 493
890 577
890 621
890 756
891 12
891 39
891 465
891 771
892 198
892 334
892 338
892 654
893 285
893 387
893 709
893 865
894 350
894 450
894 456
894 842
895 49
895 336
895 821
895 966
896 118
896 221
896 518
896 571
897 9
897 48
897 175
897 236
898 98
898 449
898 625
898 958
899 380
899 606
899 782
899 953
900 342
900 506
900 871
900 920
901 77
901 84
901 85
901 490
902 127
902 312
902 746
902 984
903 253
903 321
903 937
903 988
904 266
904 530
904 800
904 926
905 154
905 659
905 748
905 982
906 15
906 25
906 41
906 908
907 258
907 293
907 612
907 638
908 81
908 96
908 585
908 638
909 43
909 488
909 838
909 857
910 262
910 368
910 754
910 774
911 57
911 350
911 631
911 754
912 190
912 691
912 805
912 963
913 248
913 397
913 473
913 880
914 373
914 690
914 857
914 961
915 703
915 894
915 971
915 982
916 139
916 431
916 469
916 696
917 42
917 109
917 741
917 943
918 24
918 302
918 454
918 833
919 540
919 593
919 850
919 933
920 36
920 68
920 87
920 498
921 89
921 399
921 500
921 589
922 158
922 323
922 354
922 357
923 199
923 240
923 262
923 902
924 355
924 406
924 914
924 972
925 185
925 351
925 368
925 779
926 223
926 279
926 499
926 771
927 93
927 98
927 101
927 145
928 364
928 391
928 788
928 863
929 142
929 158
929 363
929 572
930 197
930 230
930 528
930 870
931 46
931 68
931 514
931 901
932 252
932 259
932 538
932 706
933 87
933 169
933 519
933 607
934 459
934 719
934 772
934 871
935 32
935 221
935 506
935 601
936 395
936 672
936 710
936 754
937 177
937 479
937 668
937 803
938 143
938 298
938 542
938 560
939 526
939 556
939 576
939 661
940 253
940 436
940 497
940 628
941 346
941 575
941 686
941 1000
942 123
942 583
942 772
942 798
943 328
943 559
943 772
943 776
944 287
944 310
944 459
944 862
945 11
945 18
945 321
945 822
946 101
946 346
946 626
946 745
947 171
947 225
947 426
947 791
948 111
948 407
948 448
948 749
949 318
949 446
949 715
949 729
950 165
950 512
950 603
950 912
951 119
951 166
951 347
951 717
952 260
952 385
952 532
952 956
953 182
953 473
953 528
953 712
954 66
954 456
954 856
954 923
955 99
955 735
955 754
955 862
956 30
956 337
956 752
956 778
957 146
957 662
957 711
957 786
958 105
958 129
958 581
958 612
959 28
959 264
959 696
959 848
960 200
960 484
960 607
960 929
961 757
961 775
961 836
961 927
962 136
962 161
962 390
962 981
963 20
963 21
963 228
963 466
964 92
964 104
964 297
964 323
965 32
965 401
965 577
965 652
966 313
966 697
966 788
966 964
967 142
967 350
967 756
967 820
968 155
968 422
968 634
968 991
969 333
969 468
969 693
969 954
970 6
970 659
970 717
970 861
971 516
971 598
971 680
971 970
972 62
972 335
972 510
972 718
973 226
973 442
973 698
973 750
974 463
974 520
974 742
974 975
975 228
975 237
975 573
975 795
976 133
976 521
976 779
976 968
977 200
977 476
977 621
977 810
978 18
978 123
978 314
978 318
979 157
979 328
979 555
979 846
980 277
980 488
980 862
980 968
981 242
981 432
981 471
981 551
982 79
982 181
982 536
982 587
983 105
983 874
983 876
983 890
984 204
984 340
984 598
984 649
985 227
985 472
985 762
985 827
986 26
986 197
986 363
986 626
987 54
987 127
987 559
987 660
988 85
988 257
988 277
988 383
989 11
989 62
989 153
989 261
990 30
990 186
990 280
990 890
991 379
991 552
991 699
991 926
992 281
992 448
992 589
992 620
993 91
993 434
993 701
993 779
994 70
994 226
994 889
994 938
995 194
995 341
995 585
995 881
996 734
996 940
996 943
996 948
997 182
997 251
997 462
997 741
998 76
998 251
998 373
998 670
999 215
999 664
999 846
999 909
1000 125
1000 277
1000 486
1000 983
