# The woods are lovely, dark and deep
# But I have promises to keep
# Size: 1000 And miles to go before I sleep
# And miles to go before I sleep
1 405
1 442
1 540
1 923
2 232
2 311
2 739
2 873
3 46
3 544
3 729
3 858
4 398
4 586
4 680
4 919
5 278
5 549
5 645
5 947
6 203
6 492
6 573
6 949
7 186
7 539
7 569
7 767
8 276
8 385
8 533
8 823
9 159
9 271
9 324
9 560
10 477
10 555
10 626
10 825
11 57
11 215
11 324
11 971
12 105
12 164
12 296
12 320
13 7
13 180
13 538
13 991
14 11
14 22
14 497
14 825
15 29
15 143
15 452
15 930
16 511
16 523
16 576
16 744
17 360
17 604
17 628
17 803
18 137
18 512
18 649
18 682
19 252
19 605
19 750
19 787
20 20
20 60
20 448
20 880
21 806
21 814
21 838
21 985
22 285
22 582
22 660
22 996
23 386
23 628
23 845
23 911
24 74
24 187
24 436
24 766
25 487
25 722
25 922
25 971
26 8
26 46
26 504
26 584
27 11
27 344
27 557
27 582
28 42
28 85
28 792
28 954
29 220
29 359
29 770
29 806
30 303
30 482
30 509
30 802
31 139
31 334
31 518
31 975
32 248
32 316
32 589
32 739
33 401
33 564
33 728
33 943
34 339
34 361
34 375
34 619
35 51
35 346
35 703
35 928
36 217
36 358
36 894
36 931
37 65
37 288
37 949
37 999
38 284
38 699
38 888
38 904
39 425
39 514
39 524
39 875
40 103
40 374
40 603
40 768
41 107
41 508
41 672
41 775
42 78
42 152
42 405
42 715
43 20
43 448
43 641
43 958
44 213
44 321
44 444
44 506
45 73
45 79
45 127
45 936
46 222
46 523
46 776
46 949
47 128
47 205
47 373
47 763
48 317
48 338
48 346
48 697
49 136
49 177
49 395
49 426
50 102
50 168
50 674
50 797
51 372
51 741
51 755
51 767
52 20
52 574
52 639
52 935
53 86
53 250
53 462
53 518
54 379
54 635
54 768
54 803
55 357
55 468
55 621
55 928
56 96
56 695
56 773
56 822
57 145
57 285
57 548
57 745
58 277
58 324
58 333
58 349
59 48
59 638
59 674
59 956
60 41
60 396
60 806
60 961
61 392
61 473
61 631
61 937
62 561
62 678
62 757
62 861
63 105
63 192
63 451
63 864
64 22
64 238
64 512
64 537
65 71
65 615
65 704
65 992
66 319
66 494
66 815
66 974
67 257
67 282
67 440
67 966
68 181
68 644
68 764
68 870
69 10
69 809
69 849
69 943
70 157
70 302
70 733
70 797
71 290
71 399
71 445
71 498
72 60
72 79
72 297
72 549
73 355
73 398
73 518
73 771
74 156
74 229
74 955
74 983
75 296
75 327
75 635
75 680
76 50
76 381
76 592
76 905
77 312
77 541
77 576
77 982
78 194
78 448
78 568
78 597
79 162
79 344
79 549
79 742
80 298
80 514
80 518
80 655
81 494
81 659
81 817
81 911
82 21
82 557
82 623
82 682
83 514
83 541
83 783
83 990
84 504
84 553
84 644
84 973
85 113
85 461
85 699
85 811
86 316
86 431
86 637
86 664
87 133
87 702
87 772
87 864
88 629
88 859
88 926
88 942
89 66
89 159
89 226
89 364
90 68
90 295
90 568
90 753
91 141
91 279
91 378
91 981
92 13
92 254
92 317
92 803
93 215
93 391
93 474
93 679
94 58
94 379
94 452
94 591
95 89
95 291
95 293
95 541
96 452
96 695
96 919
96 1000
97 46
97 728
97 867
97 996
98 160
98 467
98 715
98 945
99 44
99 58
99 760
99 967
100 137
100 388
100 399
100 444
101 173
101 311
101 485
101 937
102 80
102 261
102 720
102 750
103 52
103 912
103 923
103 978
104 242
104 487
104 496
104 502
105 44
105 553
105 619
105 696
106 12
106 414
106 429
106 917
107 145
107 230
107 247
107 990
108 385
108 509
108 975
108 987
109 264
109 297
109 430
109 986
110 340
110 567
110 602
110 731
111 419
111 582
111 881
111 960
112 115
112 317
112 572
112 699
113 220
113 386
113 407
113 854
114 75
114 408
114 492
114 936
115 470
115 582
115 760
115 913
116 383
116 476
116 584
116 852
117 184
117 392
117 799
117 948
118 225
118 232
118 347
118 608
119 408
119 448
119 611
119 860
120 74
120 269
120 291
120 794
121 81
121 683
121 833
121 856
122 280
122 561
122 772
122 878
123 58
123 656
123 878
123 951
124 310
124 414
124 821
124 845
125 86
125 424
125 488
125 833
126 52
126 55
126 135
126 734
127 129
127 559
127 892
127 934
128 263
128 571
128 651
128 916
129 82
129 356
129 370
129 866
130 236
130 443
130 601
130 810
131 87
131 200
131 612
131 894
132 221
132 259
132 623
132 676
133 318
133 560
133 742
133 850
134 144
134 287
134 371
134 882
135 218
135 429
135 588
135 960
136 361
136 373
136 918
136 930
137 54
137 140
137 898
137 904
138 96
138 121
138 652
138 913
139 240
139 290
139 386
139 582
140 93
140 200
140 253
140 426
141 222
141 506
141 643
141 846
142 276
142 361
142 412
142 419
143 91
143 506
143 729
143 973
144 25
144 456
144 673
144 917
145 46
145 503
145 796
145 921
146 225
146 363
146 438
146 736
147 18
147 327
147 413
147 424
148 377
148 406
148 654
148 748
149 470
149 690
149 718
149 741
150 64
150 352
150 545
150 931
151 362
151 756
151 781
151 972
152 200
152 288
152 430
152 598
153 410
153 574
153 660
153 923
154 118
154 335
154 464
154 567
155 16
155 216
155 376
155 581
156 349
156 385
156 449
156 862
157 111
157 578
157 858
157 907
158 96
158 342
158 696
158 879
159 175
159 202
159 472
159 886
160 55
160 60
160 717
160 992
161 430
161 475
161 596
161 780
162 619
162 650
162 780
162 804
163 336
163 448
163 484
163 688
164 58
164 63
164 89
164 882
165 68
165 138
165 163
165 925
166 88
166 336
166 368
166 793
167 276
167 299
167 516
167 809
168 414
168 738
168 932
168 959
169 81
169 352
169 551
169 841
170 55
170 293
170 531
170 576
171 196
171 615
171 761
171 928
172 513
172 644
172 833
172 974
173 151
173 349
173 658
173 993
174 50
174 417
174 446
174 613
175 34
175 47
175 148
175 291
176 2
176 88
176 168
176 530
177 28
177 342
177 576
177 607
178 87
178 157
178 732
178 844
179 506
179 610
179 686
179 758
180 106
180 595
180 712
180 796
181 307
181 479
181 661
181 680
182 29
182 380
182 798
182 875
183 153
183 282
183 497
183 861
184 141
184 547
184 864
184 918
185 306
185 468
185 529
185 674
186 149
186 677
186 687
186 907
187 83
187 214
187 902
187 938
188 17
188 106
188 551
188 812
189 317
189 357
189 580
189 922
190 628
190 841
190 943
190 990
191 56
191 467
191 476
191 562
192 111
192 333
192 805
192 945
193 710
193 768
193 848
193 968
194 132
194 613
194 659
194 991
195 308
195 813
195 847
195 859
196 186
196 261
196 576
196 816
197 317
197 443
197 540
197 741
198 203
198 378
198 412
198 646
199 176
199 223
199 404
199 927
200 103
200 323
200 866
200 885
201 246
201 286
201 476
201 790
202 137
202 294
202 724
202 900
203 284
203 327
203 357
203 895
204 214
204 364
204 710
204 723
205 509
205 641
205 897
205 982
206 571
206 645
206 862
206 891
207 53
207 145
207 224
207 272
208 94
208 611
208 721
208 747
209 99
209 329
209 668
209 920
210 404
210 468
210 695
210 796
211 592
211 687
211 700
211 739
212 284
212 324
212 332
212 703
213 527
213 618
213 816
213 890
214 40
214 483
214 659
214 897
215 135
215 855
215 893
215 954
216 243
216 402
216 568
216 696
217 117
217 304
217 446
217 764
218 163
218 233
218 379
218 620
219 678
219 752
219 772
219 781
220 85
220 231
220 420
220 681
221 290
221 301
221 840
221 892
222 111
222 842
222 878
222 896
223 413
223 665
223 834
223 927
224 362
224 581
224 618
224 801
225 236
225 879
225 979
225 998
226 157
226 233
226 370
226 541
227 26
227 184
227 262
227 473
228 262
228 331
228 491
228 796
229 489
229 693
229 810
229 817
230 386
230 707
230 822
230 950
231 484
231 485
231 809
231 983
232 144
232 255
232 636
232 823
233 273
233 574
233 804
233 854
234 311
234 444
234 791
234 823
235 233
235 318
235 343
235 518
236 67
236 314
236 369
236 396
237 635
237 795
237 796
237 819
238 504
238 652
238 681
238 764
239 108
239 486
239 511
239 531
240 380
240 461
240 630
240 996
241 214
241 409
241 574
241 982
242 100
242 420
242 643
242 978
243 570
243 609
243 731
243 826
244 275
244 326
244 368
244 509
245 491
245 634
245 661
245 739
246 111
246 447
246 541
246 710
247 431
247 439
247 621
247 644
248 246
248 439
248 730
248 973
249 315
249 552
249 627
249 654
250 88
250 239
250 570
250 959
251 480
251 631
251 765
251 830
252 176
252 593
252 683
252 924
253 315
253 369
253 624
253 665
254 208
254 722
254 759
254 910
255 113
255 214
255 561
255 964
256 14
256 41
256 694
256 862
257 528
257 734
257 745
257 913
258 141
258 707
258 751
258 924
259 233
259 324
259 373
259 616
260 143
260 207
260 686
260 957
261 54
261 153
261 327
261 810
262 48
262 226
262 289
262 400
263 225
263 538
263 623
263 655
264 5
264 210
264 302
264 413
265 212
265 591
265 631
265 897
266 488
266 709
266 828
266 838
267 316
267 344
267 602
267 959
268 297
268 413
268 666
268 925
269 250
269 351
269 573
269 767
270 92
270 315
270 470
270 769
271 117
271 145
271 546
271 748
272 276
272 308
272 654
272 876
273 473
273 601
273 611
273 727
274 416
274 620
274 814
274 871
275 353
275 487
275 661
275 719
276 409
276 666
276 685
276 829
277 244
277 390
277 746
277 934
278 86
278 307
278 778
278 895
279 602
279 605
279 860
279 959
280 187
280 406
280 489
280 677
281 158
281 287
281 475
281 573
282 65
282 383
282 527
282 560
283 76
283 399
283 465
283 765
284 123
284 470
284 507
284 733
285 24
285 422
285 461
285 970
286 276
286 602
286 712
286 788
287 243
287 289
287 731
287 743
288 171
288 223
288 296
288 839
289 115
289 252
289 442
289 936
290 93
290 244
290 531
290 951
291 160
291 252
291 660
291 738
292 70
292 223
292 351
292 689
293 88
293 369
293 510
293 538
294 314
294 371
294 852
294 992
295 344
295 533
295 685
295 856
296 81
296 480
296 498
296 716
297 272
297 402
297 638
297 803
298 172
298 344
298 625
298 874
299 185
299 338
299 342
299 349
300 88
300 199
300 592
300 802
301 166
301 250
301 287
301 863
302 620
302 780
302 806
302 927
303 191
303 463
303 595
303 624
304 74
304 122
304 360
304 832
305 171
305 348
305 741
305 959
306 234
306 449
306 727
306 816
307 123
307 389
307 449
307 865
308 342
308 495
308 641
308 842
309 274
309 490
309 543
309 849
310 152
310 585
310 663
310 805
311 498
311 538
311 687
311 896
312 214
312 274
312 628
312 712
313 164
313 393
313 532
313 748
314 214
314 307
314 383
314 474
315 288
315 379
315 425
315 566
316 298
316 391
316 830
316 983
317 173
317 260
317 384
317 788
318 50
318 268
318 299
318 1000
319 509
319 783
319 831
319 968
320 109
320 211
320 560
320 717
321 435
321 514
321 615
321 849
322 298
322 639
322 750
322 914
323 405
323 623
323 748
323 840
324 254
324 404
324 665
324 781
325 282
325 708
325 715
325 799
326 60
326 434
326 725
326 942
327 297
327 815
327 823
327 910
328 121
328 507
328 526
328 683
329 48
329 552
329 809
329 991
330 495
330 505
330 617
330 774
331 205
331 396
331 443
331 837
332 298
332 319
332 405
332 514
333 272
333 597
333 782
333 830
334 141
334 549
334 771
334 995
335 392
335 530
335 725
335 770
336 416
336 438
336 753
336 839
337 278
337 651
337 692
337 761
338 375
338 384
338 477
338 836
339 187
339 249
339 273
339 725
340 171
340 263
340 843
340 937
341 367
341 502
341 743
341 865
342 422
342 682
342 737
342 862
343 232
343 246
343 604
343 758
344 26
344 254
344 290
344 946
345 103
345 270
345 588
345 809
346 22
346 442
346 457
346 639
347 170
347 256
347 796
347 867
348 97
348 320
348 326
348 354
349 156
349 697
349 749
349 925
350 445
350 480
350 568
350 931
351 169
351 495
351 555
351 666
352 69
352 116
352 604
352 857
353 745
353 748
353 854
353 969
354 8
354 321
354 354
354 522
355 121
355 146
355 690
355 928
356 66
356 176
356 636
356 828
357 237
357 581
357 767
357 809
358 163
358 381
358 667
358 887
359 248
359 321
359 507
359 763
360 682
360 799
360 815
360 864
361 457
361 533
361 553
361 848
362 136
362 148
362 588
362 852
363 62
363 67
363 355
363 760
364 17
364 456
364 514
364 807
365 130
365 615
365 778
365 781
366 61
366 312
366 492
366 695
367 536
367 843
367 906
367 922
368 121
368 162
368 245
368 340
369 153
369 177
369 466
369 686
370 42
370 64
370 138
370 745
371 70
371 292
371 486
371 986
372 9
372 210
372 444
372 580
373 200
373 280
373 502
373 584
374 61
374 293
374 310
374 790
375 114
375 734
375 855
375 891
376 77
376 313
376 940
376 962
377 162
377 304
377 318
377 949
378 316
378 329
378 623
378 928
379 371
379 427
379 515
379 717
380 230
380 282
380 304
380 805
381 287
381 351
381 758
381 937
382 104
382 310
382 626
382 801
383 142
383 720
383 829
383 969
384 35
384 341
384 614
384 929
385 258
385 340
385 448
385 996
386 614
386 661
386 804
386 931
387 100
387 110
387 221
387 631
388 9
388 190
388 822
388 898
389 106
389 288
389 545
389 911
390 405
390 585
390 657
390 759
391 226
391 290
391 780
391 883
392 129
392 251
392 564
392 891
393 106
393 107
393 608
393 618
394 483
394 491
394 834
394 850
395 258
395 663
395 703
395 870
396 80
396 309
396 368
396 574
397 240
397 250
397 392
397 1000
398 92
398 746
398 747
398 797
399 115
399 273
399 446
399 678
400 248
400 474
400 635
400 966
401 228
401 399
401 556
401 882
402 26
402 302
402 396
402 678
403 329
403 467
403 718
403 932
404 435
404 588
404 612
404 808
405 42
405 109
405 411
405 860
406 732
406 875
406 982
406 985
407 14
407 624
407 972
407 992
408 176
408 187
408 446
408 574
409 58
409 96
409 790
409 856
410 55
410 357
410 480
410 860
411 353
411 441
411 558
411 959
412 172
412 368
412 450
412 462
413 255
413 662
413 840
413 861
414 239
414 290
414 518
414 784
415 340
415 510
415 586
415 887
416 31
416 168
416 593
416 642
417 293
417 565
417 789
417 823
418 491
418 530
418 670
418 764
419 166
419 174
419 493
419 853
420 360
420 564
420 715
420 804
421 45
421 242
421 257
421 832
422 245
422 348
422 558
422 860
423 413
423 457
423 790
423 805
424 51
424 608
424 739
424 903
425 80
425 430
425 636
425 657
426 260
426 345
426 385
426 642
427 274
427 319
427 481
427 723
428 158
428 187
428 654
428 810
429 241
429 298
429 444
429 743
430 116
430 370
430 484
430 504
431 213
431 405
431 624
431 892
432 130
432 473
432 563
432 684
433 228
433 462
433 560
433 685
434 184
434 327
434 610
434 997
435 11
435 669
435 702
435 821
436 103
436 484
436 645
436 718
437 39
437 163
437 603
437 705
438 130
438 485
438 639
438 713
439 61
439 115
439 622
439 680
440 439
440 493
440 529
440 809
441 20
441 449
441 652
441 827
442 211
442 238
442 734
442 812
443 289
443 604
443 608
443 667
444 345
444 409
444 603
444 877
445 124
445 272
445 442
445 569
446 176
446 295
446 305
446 952
447 83
447 805
447 824
447 932
448 411
448 422
448 925
448 954
449 111
449 187
449 298
449 818
450 79
450 207
450 518
450 559
451 669
451 765
451 766
451 880
452 7
452 569
452 709
452 825
453 542
453 714
453 946
453 958
454 437
454 654
454 664
454 912
455 76
455 325
455 367
455 368
456 399
456 691
456 761
456 908
457 73
457 253
457 550
457 838
458 254
458 283
458 309
458 499
459 109
459 534
459 666
459 903
460 67
460 201
460 785
460 843
461 237
461 624
461 708
461 959
462 25
462 368
462 397
462 449
463 13
463 135
463 221
463 389
464 63
464 73
464 600
464 760
465 244
465 371
465 388
465 424
466 14
466 381
466 803
466 926
467 85
467 342
467 825
467 859
468 99
468 374
468 924
468 997
469 203
469 356
469 537
469 786
470 68
470 182
470 556
470 935
471 202
471 289
471 316
471 390
472 58
472 400
472 515
472 952
473 94
473 146
473 640
473 912
474 360
474 436
474 894
474 921
475 8
475 230
475 324
475 820
476 228
476 353
476 550
476 822
477 132
477 152
477 387
477 532
478 171
478 306
478 381
478 485
479 20
479 280
479 321
479 513
480 167
480 178
480 337
480 631
481 471
481 649
481 847
481 958
482 233
482 252
482 258
482 320
483 166
483 275
483 574
483 983
484 165
484 247
484 500
484 829
485 43
485 204
485 581
485 892
486 57
486 278
486 563
486 679
487 161
487 511
487 773
487 872
488 46
488 402
488 534
488 814
489 237
489 409
489 443
489 862
490 55
490 117
490 494
490 933
491 190
491 582
491 661
491 758
492 305
492 523
492 732
492 806
493 234
493 522
493 557
493 643
494 150
494 557
494 793
494 907
495 101
495 164
495 291
495 537
496 516
496 656
496 828
496 846
497 291
497 611
497 765
497 860
498 2
498 144
498 443
498 933
499 80
499 176
499 347
499 535
500 268
500 430
500 519
500 876
501 21
501 91
501 584
501 959
502 408
502 724
502 950
502 992
503 236
503 710
503 739
503 941
504 8
504 52
504 436
504 511
505 140
505 214
505 778
505 987
506 362
506 593
506 639
506 656
507 108
507 239
507 606
507 869
508 175
508 343
508 479
508 876
509 137
509 362
509 405
509 533
510 163
510 327
510 368
510 718
511 3
511 293
511 386
511 789
512 58
512 91
512 746
512 904
513 346
513 383
513 434
513 764
514 397
514 480
514 506
514 839
515 110
515 219
515 423
515 468
516 13
516 568
516 644
516 905
517 195
517 403
517 738
517 937
518 155
518 321
518 401
518 460
519 77
519 424
519 842
519 990
520 610
520 714
520 758
520 938
521 157
521 372
521 619
521 641
522 81
522 204
522 383
522 512
523 547
523 725
523 791
523 926
524 122
524 737
524 816
524 959
525 243
525 406
525 577
525 816
526 72
526 83
526 367
526 713
527 417
527 688
527 882
527 927
528 85
528 293
528 353
528 873
529 323
529 446
529 734
529 876
530 378
530 697
530 704
530 919
531 138
531 215
531 871
531 993
532 150
532 236
532 363
532 582
533 108
533 286
533 468
533 874
534 80
534 91
534 216
534 914
535 509
535 664
535 727
535 740
536 12
536 356
536 557
536 838
537 313
537 690
537 705
537 728
538 23
538 367
538 398
538 993
539 549
539 601
539 636
539 959
540 84
540 211
540 230
540 603
541 81
541 98
541 172
541 722
542 277
542 506
542 661
542 726
543 243
543 314
543 661
543 708
544 145
544 206
544 210
544 587
545 469
545 482
545 738
545 982
546 123
546 457
546 704
546 827
547 157
547 256
547 737
547 768
548 69
548 669
548 933
548 946
549 314
549 319
549 834
549 998
550 50
550 475
550 747
550 821
551 93
551 125
551 347
551 430
552 435
552 551
552 570
552 645
553 546
553 567
553 858
553 864
554 129
554 307
554 646
554 744
555 87
555 237
555 650
555 988
556 395
556 459
556 471
556 874
557 60
557 399
557 636
557 647
558 46
558 451
558 546
558 716
559 312
559 382
559 796
559 963
560 361
560 385
560 635
560 953
561 81
561 83
561 575
561 598
562 365
562 492
562 526
562 549
563 216
563 516
563 688
563 773
564 332
564 476
564 899
564 941
565 47
565 57
565 168
565 715
566 645
566 723
566 773
566 985
567 335
567 452
567 454
567 594
568 206
568 454
568 851
568 913
569 472
569 517
569 573
569 636
570 515
570 572
570 669
570 893
571 265
571 284
571 343
571 638
572 122
572 298
572 804
572 904
573 499
573 531
573 773
573 835
574 87
574 156
574 236
574 595
575 232
575 234
575 753
575 961
576 439
576 573
576 712
576 852
577 114
577 125
577 481
577 608
578 278
578 563
578 573
578 925
579 206
579 691
579 911
579 960
580 122
580 173
580 311
580 471
581 156
581 443
581 618
581 861
582 423
582 512
582 628
582 928
583 223
583 401
583 544
583 758
584 134
584 354
584 540
584 736
585 62
585 706
585 776
585 868
586 237
586 333
586 482
586 771
587 496
587 632
587 850
587 894
588 148
588 230
588 381
588 706
589 204
589 290
589 685
589 809
590 21
590 282
590 629
590 866
591 74
591 100
591 658
591 889
592 42
592 337
592 416
592 455
593 83
593 97
593 136
593 640
594 417
594 420
594 607
594 702
595 399
595 420
595 755
595 823
596 249
596 267
596 667
596 794
597 115
597 215
597 411
597 539
598 209
598 279
598 484
598 496
599 211
599 728
599 791
599 823
600 41
600 344
600 701
600 969
601 44
601 155
601 482
601 982
602 67
602 200
602 702
602 809
603 99
603 304
603 724
603 775
604 36
604 327
604 408
604 442
605 210
605 351
605 843
605 854
606 182
606 501
606 674
606 742
607 378
607 478
607 512
607 797
608 19
608 573
608 883
608 938
609 252
609 535
609 568
609 570
610 101
610 390
610 429
610 758
611 205
611 315
611 340
611 735
612 143
612 218
612 417
612 760
613 211
613 221
613 534
613 980
614 111
614 142
614 494
614 894
615 85
615 346
615 458
615 671
616 153
616 534
616 887
616 897
617 236
617 741
617 969
617 986
618 348
618 538
618 656
618 794
619 167
619 265
619 424
619 616
620 154
620 417
620 567
620 573
621 21
621 683
621 733
621 939
622 169
622 265
622 294
622 729
623 110
623 403
623 424
623 612
624 120
624 704
624 775
624 981
625 158
625 182
625 623
625 707
626 125
626 411
626 583
626 586
627 321
627 432
627 480
627 680
628 98
628 386
628 808
628 918
629 276
629 371
629 554
629 597
630 53
630 64
630 666
630 931
631 190
631 371
631 465
631 816
632 185
632 742
632 880
632 991
633 10
633 588
633 662
633 798
634 286
634 494
634 563
634 740
635 194
635 404
635 950
635 952
636 311
636 397
636 865
636 956
637 148
637 190
637 221
637 588
638 349
638 799
638 909
638 969
639 464
639 515
639 519
639 977
640 173
640 565
640 570
640 747
641 191
641 202
641 594
641 959
642 178
642 275
642 361
642 537
643 95
643 176
643 267
643 494
644 143
644 203
644 258
644 612
645 38
645 101
645 623
645 928
646 282
646 499
646 506
646 859
647 244
647 521
647 527
647 679
648 212
648 386
648 566
648 886
649 12
649 297
649 324
649 438
650 612
650 635
650 770
650 801
651 23
651 153
651 523
651 552
652 36
652 303
652 413
652 576
653 33
653 316
653 546
653 628
654 149
654 436
654 552
654 1000
655 70
655 628
655 828
655 972
656 189
656 302
656 569
656 999
657 303
657 319
657 722
657 810
658 13
658 630
658 793
658 841
659 528
659 625
659 834
659 974
660 24
660 368
660 685
660 947
661 432
661 615
661 643
661 861
662 233
662 249
662 509
662 685
663 231
663 496
663 688
663 764
664 585
664 631
664 741
664 978
665 724
665 774
665 780
665 890
666 65
666 642
666 914
666 918
667 132
667 307
667 588
667 700
668 446
668 673
668 917
668 1000
669 30
669 311
669 815
669 876
670 313
670 663
670 674
670 881
671 85
671 455
671 660
671 840
672 61
672 152
672 472
672 647
673 120
673 537
673 754
673 940
674 75
674 244
674 335
674 454
675 59
675 511
675 637
675 703
676 539
676 749
676 830
676 908
677 5
677 364
677 638
677 982
678 159
678 364
678 743
678 904
679 34
679 53
679 119
679 800
680 83
680 187
680 455
680 704
681 282
681 389
681 582
681 982
682 133
682 335
682 355
682 374
683 167
683 395
683 739
683 823
684 273
684 307
684 334
684 605
685 349
685 713
685 720
685 969
686 130
686 133
686 435
686 877
687 2
687 149
687 489
687 730
688 62
688 293
688 448
688 605
689 152
689 294
689 296
689 777
690 326
690 717
690 877
690 883
691 141
691 220
691 312
691 654
692 294
692 383
692 445
692 780
693 73
693 362
693 370
693 918
694 503
694 661
694 812
694 957
695 48
695 202
695 412
695 653
696 324
696 618
696 624
696 761
697 243
697 300
697 470
697 644
698 115
698 236
698 402
698 423
699 583
699 625
699 757
699 947
700 490
700 673
700 882
700 961
701 485
701 565
701 581
701 994
702 312
702 336
702 427
702 931
703 271
703 589
703 592
703 803
704 347
704 400
704 667
704 767
705 22
705 121
705 496
705 681
706 218
706 491
706 853
706 856
707 152
707 554
707 707
707 876
708 277
708 558
708 658
708 933
709 386
709 694
709 709
709 935
710 33
710 103
710 240
710 701
711 29
711 324
711 432
711 950
712 21
712 89
712 149
712 642
713 115
713 557
713 579
713 897
714 170
714 751
714 848
714 917
715 242
715 320
715 682
715 711
716 59
716 70
716 938
716 983
717 226
717 362
717 670
717 898
718 300
718 661
718 749
718 912
719 305
719 413
719 635
719 695
720 365
720 520
720 534
720 741
721 253
721 688
721 958
721 959
722 62
722 437
722 469
722 923
723 117
723 264
723 281
723 972
724 129
724 343
724 416
724 540
725 322
725 616
725 800
725 939
726 48
726 52
726 66
726 456
727 108
727 329
727 382
727 717
728 298
728 353
728 500
728 868
729 210
729 508
729 689
729 734
730 50
730 522
730 669
730 679
731 65
731 139
731 250
731 876
732 90
732 683
732 841
732 901
733 32
733 529
733 569
733 873
734 183
734 532
734 815
734 849
735 340
735 479
735 497
735 595
736 39
736 165
736 346
736 640
737 110
737 202
737 793
737 949
738 62
738 297
738 568
738 871
739 317
739 370
739 690
739 741
740 150
740 509
740 609
740 694
741 315
741 347
741 742
741 985
742 505
742 769
742 807
742 842
743 535
743 557
743 682
743 755
744 45
744 325
744 517
744 572
745 12
745 35
745 42
745 716
746 60
746 352
746 581
746 615
747 345
747 545
747 679
747 874
748 158
748 223
748 668
748 808
749 225
749 239
749 506
749 752
750 180
750 315
750 486
750 933
751 195
751 753
751 828
751 923
752 461
752 533
752 686
752 889
753 120
753 644
753 690
753 743
754 122
754 352
754 547
754 895
755 460
755 540
755 658
755 711
756 4
756 357
756 545
756 693
757 63
757 349
757 423
757 439
758 729
758 756
758 757
758 818
759 225
759 243
759 246
759 341
760 256
760 382
760 791
760 942
761 223
761 483
761 580
761 782
762 215
762 647
762 858
762 954
763 384
763 543
763 888
763 908
764 18
764 61
764 793
764 892
765 124
765 157
765 825
765 904
766 209
766 387
766 427
766 923
767 551
767 574
767 921
767 989
768 126
768 325
768 496
768 840
769 363
769 675
769 690
769 850
770 62
770 328
770 368
770 545
771 199
771 341
771 352
771 866
772 133
772 420
772 485
772 720
773 438
773 629
773 724
773 812
774 191
774 355
774 723
774 822
775 24
775 655
775 771
775 930
776 164
776 494
776 719
776 918
777 196
777 415
777 693
777 750
778 198
778 601
778 880
778 908
779 61
779 363
779 643
779 756
780 34
780 462
780 807
780 916
781 139
781 558
781 610
781 973
782 142
782 637
782 695
782 744
783 152
783 391
783 501
783 950
784 27
784 348
784 816
784 986
785 129
785 291
785 648
785 906
786 606
786 651
786 920
786 996
787 128
787 222
787 401
787 918
788 302
788 663
788 917
788 973
789 313
789 612
789 748
789 931
790 73
790 109
790 520
790 664
791 548
791 748
791 941
791 970
792 180
792 887
792 938
792 981
793 136
793 199
793 236
793 556
794 596
794 724
794 756
794 860
795 329
795 350
795 563
795 701
796 238
796 418
796 498
796 506
797 187
797 191
797 446
797 991
798 47
798 86
798 508
798 950
799 49
799 238
799 417
799 618
800 141
800 172
800 699
800 770
801 334
801 358
801 440
801 585
802 156
802 184
802 436
802 879
803 209
803 266
803 638
803 708
804 215
804 492
804 786
804 940
805 72
805 281
805 570
805 625
806 226
806 640
806 815
806 927
807 430
807 508
807 560
807 920
808 152
808 165
808 477
808 894
809 327
809 450
809 573
809 709
810 293
810 368
810 830
810 844
811 339
811 457
811 476
811 888
812 211
812 223
812 254
812 615
813 405
813 490
813 608
813 611
814 2
814 33
814 58
814 311
815 254
815 311
815 497
815 969
816 24
816 35
816 479
816 661
817 190
817 320
817 442
817 715
818 373
818 656
818 795
818 950
819 120
819 554
819 948
819 949
820 340
820 562
820 634
820 743
821 336
821 578
821 728
821 842
822 205
822 896
822 972
822 987
823 412
823 454
823 521
823 835
824 341
824 450
824 745
824 931
825 19
825 35
825 446
825 534
826 429
826 572
826 602
826 966
827 129
827 430
827 486
827 995
828 166
828 299
828 663
828 992
829 230
829 522
829 925
829 940
830 189
830 652
830 802
830 839
831 589
831 613
831 626
831 637
832 29
832 450
832 483
832 817
833 35
833 74
833 390
833 477
834 155
834 405
834 662
834 694
835 167
835 464
835 873
835 956
836 72
836 446
836 881
836 961
837 565
837 621
837 767
837 947
838 180
838 263
838 403
838 989
839 6
839 371
839 650
839 702
840 158
840 479
840 651
840 954
841 262
841 265
841 419
841 806
842 330
842 384
842 479
842 825
843 106
843 143
843 672
843 705
844 85
844 129
844 666
844 706
845 8
845 213
845 500
845 573
846 159
846 250
846 334
846 879
847 203
847 238
847 770
847 923
848 96
848 162
848 415
848 747
849 159
849 355
849 913
849 985
850 167
850 588
850 648
850 917
851 269
851 353
851 845
851 935
852 568
852 619
852 789
852 850
853 275
853 351
853 424
853 534
854 146
854 184
854 228
854 728
855 21
855 92
855 823
855 870
856 338
856 526
856 652
856 744
857 36
857 175
857 647
857 926
858 225
858 262
858 554
858 750
859 669
859 766
859 921
859 958
860 318
860 395
860 493
860 714
861 210
861 594
861 693
861 999
862 452
862 465
862 557
862 976
863 72
863 157
863 319
863 546
864 269
864 305
864 364
864 970
865 78
865 210
865 511
865 772
866 214
866 502
866 635
866 812
867 302
867 489
867 491
867 665
868 434
868 822
868 852
868 979
869 305
869 630
869 730
869 986
870 64
870 253
870 934
870 1000
871 84
871 446
871 550
871 636
872 378
872 560
872 598
872 686
873 124
873 328
873 496
873 577
874 311
874 313
874 842
874 977
875 25
875 123
875 546
875 841
876 60
876 417
876 424
876 678
877 490
877 721
877 753
877 905
878 20
878 28
878 904
878 924
879 7
879 573
879 771
879 784
880 194
880 468
880 593
880 767
881 97
881 282
881 794
881 955
882 464
882 616
882 808
882 997
883 592
883 674
883 743
883 965
884 376
884 501
884 564
884 817
885 189
885 879
885 914
885 978
886 50
886 176
886 315
886 872
887 351
887 605
887 689
887 768
888 121
888 334
888 392
888 735
889 403
889 439
889 702
889 778
890 5
890 50
890 646
890 768
891 421
891 676
891 791
891 798
892 24
892 214
892 481
892 510
893 79
893 80
893 363
893 678
894 330
894 415
894 433
894 862
895 363
895 385
895 581
895 749
896 357
896 421
896 535
896 630
897 114
897 484
897 810
897 845
898 353
898 441
898 772
898 843
899 77
899 330
899 391
899 897
900 251
900 252
900 928
900 948
901 318
901 400
901 520
901 737
902 140
902 207
902 288
902 656
903 282
903 393
903 475
903 856
904 205
904 474
904 507
904 805
905 102
905 110
905 284
905 675
906 194
906 305
906 380
906 390
907 196
907 220
907 422
907 643
908 67
908 150
908 490
908 741
909 259
909 627
909 712
909 810
910 17
910 741
910 787
910 869
911 26
911 555
911 556
911 811
912 64
912 589
912 793
912 816
913 203
913 372
913 566
913 928
914 387
914 571
914 600
914 804
915 644
915 647
915 727
915 811
916 179
916 385
916 450
916 824
917 84
917 145
917 485
917 698
918 378
918 441
918 466
918 884
919 212
919 430
919 626
919 758
920 256
920 323
920 348
920 917
921 236
921 312
921 361
921 756
922 211
922 538
922 736
922 775
923 5
923 121
923 222
923 356
924 256
924 469
924 611
924 757
925 226
925 536
925 678
925 693
926 16
926 122
926 399
926 798
927 35
927 336
927 467
927 867
928 610
928 673
928 864
928 948
929 127
929 400
929 581
929 729
930 302
930 381
930 737
930 746
931 85
931 368
931 370
931 997
932 38
932 613
932 731
932 963
933 79
933 415
933 497
933 907
934 5
934 183
934 649
934 668
935 18
935 461
935 466
935 535
936 218
936 378
936 513
936 810
937 8
937 48
937 480
937 907
938 282
938 568
938 648
938 918
939 373
939 400
939 699
939 797
940 80
940 519
940 874
940 946
941 277
941 506
941 698
941 730
942 173
942 530
942 539
942 631
943 322
943 465
943 489
943 633
944 86
944 610
944 654
944 724
945 262
945 576
945 598
945 607
946 423
946 512
946 696
946 825
947 202
947 358
947 463
947 975
948 45
948 502
948 922
948 979
949 121
949 156
949 423
949 494
950 214
950 294
950 418
950 855
951 269
951 409
951 416
951 565
952 229
952 240
952 385
952 389
953 154
953 162
953 272
953 891
954 619
954 837
954 922
954 946
955 26
955 44
955 310
955 628
956 235
956 675
956 828
956 946
957 60
957 478
957 723
957 878
958 43
958 238
958 607
958 709
959 82
959 296
959 354
959 862
960 133
960 172
960 511
960 907
961 18
961 338
961 617
961 934
962 93
962 97
962 458
962 699
963 91
963 459
963 549
963 723
964 53
964 385
964 492
964 840
965 15
965 146
965 601
965 875
966 269
966 306
966 317
966 558
967 77
967 406
967 504
967 854
968 309
968 444
968 759
968 991
969 18
969 697
969 742
969 961
970 42
970 108
970 505
970 725
971 61
971 95
971 485
971 751
972 434
972 453
972 497
972 961
973 296
973 304
973 756
973 803
974 198
974 252
974 638
974 699
975 173
975 221
975 650
975 712
976 37
976 44
976 805
976 864
977 322
977 497
977 548
977 752
978 20
978 185
978 415
978 608
979 105
979 253
979 457
979 769
980 7
980 16
980 738
980 870
981 71
981 176
981 398
981 832
982 47
982 318
982 491
982 883
983 75
983 340
983 365
983 559
984 36
984 627
984 653
984 965
985 100
985 620
985 725
985 846
986 226
986 284
986 459
986 516
987 84
987 87
987 177
987 311
988 41
988 205
988 443
988 870
989 435
989 791
989 912
989 993
990 366
990 577
990 767
990 968
991 15
991 417
991 568
991 999
992 277
992 559
992 685
992 777
993 242
993 405
993 694
993 725
994 170
994 407
994 582
994 673
995 153
995 192
995 205
995 450
996 95
996 141
996 389
996 474
997 110
997 357
997 580
997 602
998 508
998 682
998 875
998 972
999 195
999 349
999 437
999 554
1000 6
1000 206
1000 558
1000 928
