# The woods are lovely, dark and deep
# But I have promises to keep
# Size: 1000 And miles to go before I sleep
# And miles to go before I sleep
1 11
1 227
1 281
1 828
2 410
2 812
2 840
2 870
3 53
3 267
3 848
3 935
4 68
4 91
4 249
4 611
5 373
5 418
5 670
5 756
6 84
6 506
6 607
6 792
7 282
7 706
7 795
7 930
8 91
8 199
8 536
8 812
9 732
9 762
9 904
9 956
10 276
10 514
10 691
10 904
11 239
11 423
11 930
11 986
12 141
12 265
12 376
12 946
13 60
13 326
13 792
13 950
14 389
14 614
14 808
14 878
15 207
15 404
15 901
15 987
16 99
16 140
16 560
16 589
17 14
17 33
17 392
17 510
18 607
18 816
18 966
18 977
19 454
19 720
19 829
19 970
20 300
20 372
20 520
20 791
21 225
21 490
21 665
21 900
22 117
22 154
22 184
22 253
23 371
23 466
23 911
23 945
24 129
24 164
24 490
24 946
25 76
25 570
25 639
25 705
26 328
26 343
26 745
26 880
27 74
27 376
27 464
27 945
28 19
28 386
28 705
28 706
29 414
29 418
29 549
29 736
30 299
30 345
30 617
30 834
31 119
31 314
31 508
31 921
32 489
32 720
32 738
32 970
33 710
33 758
33 825
33 947
34 21
34 253
34 453
34 830
35 456
35 465
35 775
35 834
36 9
36 245
36 340
36 505
37 224
37 411
37 551
37 960
38 143
38 371
38 579
38 971
39 80
39 84
39 475
39 830
40 113
40 418
40 841
40 941
41 400
41 573
41 640
41 722
42 318
42 457
42 499
42 936
43 105
43 438
43 667
43 962
44 241
44 541
44 586
44 918
45 410
45 589
45 645
45 900
46 248
46 519
46 929
46 999
47 111
47 178
47 478
47 650
48 363
48 504
48 759
48 849
49 65
49 115
49 557
49 794
50 205
50 490
50 584
50 739
51 276
51 439
51 593
51 951
52 33
52 81
52 114
52 378
53 73
53 265
53 589
53 858
54 224
54 352
54 492
54 679
55 288
55 305
55 544
55 703
56 103
56 443
56 648
56 664
57 189
57 567
57 712
57 766
58 225
58 707
58 737
58 898
59 120
59 129
59 181
59 652
60 168
60 174
60 562
60 734
61 172
61 235
61 282
61 864
62 9
62 440
62 531
62 547
63 39
63 44
63 103
63 674
64 617
64 860
64 871
64 926
65 71
65 521
65 784
65 938
66 15
66 757
66 781
66 796
67 269
67 424
67 481
67 955
68 111
68 150
68 174
68 602
69 78
69 199
69 202
69 913
70 84
70 329
70 399
70 524
71 74
71 824
71 893
71 994
72 150
72 240
72 402
72 645
73 277
73 756
73 870
73 907
74 114
74 135
74 508
74 993
75 43
75 196
75 339
75 886
76 159
76 355
76 946
76 974
77 56
77 122
77 469
77 547
78 214
78 347
78 450
78 804
79 94
79 394
79 438
79 699
80 315
80 430
80 457
80 496
81 529
81 621
81 675
81 916
82 57
82 364
82 701
82 798
83 461
83 513
83 790
83 848
84 106
84 416
84 490
84 607
85 134
85 564
85 657
85 811
86 220
86 574
86 684
86 895
87 642
87 727
87 892
87 936
88 164
88 189
88 520
88 566
89 187
89 232
89 371
89 859
90 261
90 489
90 812
90 895
91 255
91 540
91 727
91 941
92 189
92 326
92 582
92 833
93 9
93 296
93 328
93 655
94 65
94 87
94 504
94 647
95 11
95 486
95 529
95 794
96 262
96 723
96 829
96 925
97 506
97 542
97 591
97 899
98 426
98 437
98 520
98 705
99 506
99 612
99 957
99 975
100 28
100 93
100 492
100 548
101 7
101 62
101 200
101 899
102 39
102 98
102 276
102 297
103 107
103 149
103 502
103 624
104 88
104 494
104 851
104 931
105 604
105 705
105 716
105 848
106 141
106 316
106 713
106 718
107 8
107 16
107 63
107 437
108 272
108 484
108 753
108 904
109 172
109 305
109 443
109 939
110 453
110 478
110 575
110 650
111 94
111 131
111 365
111 482
112 76
112 432
112 754
112 924
113 108
113 666
113 733
113 819
114 253
114 282
114 747
114 945
115 24
115 143
115 328
115 731
116 58
116 633
116 874
116 886
117 335
117 339
117 346
117 910
118 184
118 417
118 643
118 675
119 465
119 634
119 635
119 958
120 177
120 278
120 420
120 613
121 457
121 607
121 716
121 894
122 419
122 519
122 613
122 775
123 158
123 231
123 936
123 996
124 323
124 531
124 913
124 917
125 296
125 429
125 959
125 962
126 425
126 475
126 615
126 776
127 332
127 419
127 596
127 817
128 113
128 508
128 665
128 703
129 88
129 307
129 514
129 915
130 82
130 405
130 425
130 580
131 34
131 184
131 206
131 925
132 400
132 678
132 737
132 778
133 117
133 319
133 336
133 959
134 604
134 618
134 632
134 945
135 626
135 842
135 854
135 860
136 100
136 323
136 572
136 803
137 42
137 171
137 520
137 630
138 148
138 381
138 604
138 711
139 550
139 653
139 723
139 724
140 161
140 718
140 759
140 947
141 40
141 95
141 205
141 554
142 39
142 458
142 542
142 835
143 209
143 242
143 652
143 729
144 48
144 169
144 513
144 924
145 39
145 93
145 164
145 511
146 196
146 349
146 759
146 995
147 131
147 444
147 475
147 611
148 307
148 476
148 920
148 936
149 198
149 610
149 652
149 713
150 114
150 273
150 515
150 843
151 91
151 510
151 635
151 899
152 627
152 878
152 901
152 926
153 443
153 638
153 714
153 970
154 90
154 223
154 227
154 585
155 82
155 144
155 305
155 625
156 191
156 431
156 469
156 703
157 81
157 214
157 991
157 999
158 17
158 25
158 469
158 751
159 273
159 350
159 665
159 794
160 82
160 193
160 581
160 780
161 331
161 654
161 942
161 965
162 132
162 201
162 653
162 739
163 230
163 350
163 540
163 792
164 116
164 274
164 411
164 931
165 47
165 397
165 533
165 862
166 90
166 567
166 596
166 794
167 166
167 200
167 444
167 889
168 54
168 196
168 393
168 619
169 145
169 168
169 474
169 986
170 59
170 576
170 924
170 933
171 337
171 741
171 759
171 779
172 58
172 500
172 872
172 971
173 124
173 371
173 691
173 953
174 66
174 205
174 251
174 283
175 98
175 351
175 469
175 859
176 58
176 234
176 298
176 472
177 87
177 452
177 548
177 765
178 36
178 407
178 533
178 831
179 20
179 529
179 658
179 930
180 253
180 370
180 560
180 594
181 165
181 408
181 778
181 797
182 43
182 234
182 409
182 665
183 385
183 427
183 516
183 618
184 53
184 330
184 701
184 832
185 148
185 154
185 239
185 327
186 275
186 328
186 420
186 641
187 81
187 339
187 382
187 909
188 353
188 386
188 553
188 886
189 258
189 289
189 489
189 959
190 643
190 700
190 881
190 910
191 95
191 121
191 494
191 699
192 400
192 573
192 578
192 815
193 46
193 248
193 274
193 918
194 143
194 386
194 558
194 812
195 663
195 673
195 762
195 820
196 239
196 309
196 497
196 965
197 145
197 492
197 762
197 818
198 69
198 272
198 715
198 728
199 131
199 219
199 349
199 996
200 406
200 736
200 875
200 950
201 309
201 725
201 811
201 902
202 11
202 136
202 507
202 711
203 136
203 223
203 427
203 560
204 78
204 86
204 197
204 845
205 28
205 211
205 435
205 901
206 110
206 473
206 736
206 845
207 355
207 458
207 786
207 909
208 130
208 312
208 590
208 616
209 225
209 292
209 431
209 481
210 75
210 483
210 654
210 990
211 180
211 238
211 384
211 878
212 330
212 606
212 849
212 941
213 15
213 276
213 327
213 585
214 21
214 188
214 614
214 890
215 273
215 417
215 974
215 975
216 168
216 170
216 586
216 962
217 90
217 227
217 628
217 966
218 12
218 374
218 749
218 892
219 90
219 93
219 698
219 797
220 170
220 453
220 604
220 862
221 249
221 320
221 453
221 551
222 220
222 249
222 354
222 355
223 164
223 266
223 822
223 827
224 392
224 393
224 793
224 942
225 21
225 94
225 715
225 894
226 156
226 193
226 503
226 878
227 48
227 119
227 183
227 580
228 366
228 505
228 639
228 827
229 32
229 149
229 306
229 989
230 142
230 152
230 285
230 936
231 4
231 328
231 692
231 745
232 62
232 156
232 208
232 256
233 182
233 310
233 640
233 953
234 162
234 181
234 194
234 910
235 88
235 292
235 758
235 839
236 572
236 726
236 820
236 952
237 254
237 313
237 449
237 896
238 127
238 196
238 720
238 834
239 171
239 301
239 383
239 594
240 12
240 695
240 696
240 977
241 4
241 42
241 231
241 473
242 342
242 759
242 915
242 977
243 70
243 587
243 751
243 986
244 42
244 376
244 669
244 754
245 25
245 146
245 565
245 839
246 342
246 540
246 582
246 600
247 23
247 96
247 208
247 405
248 95
248 187
248 533
248 765
249 465
249 605
249 727
249 742
250 109
250 199
250 773
250 842
251 2
251 384
251 485
251 677
252 31
252 350
252 645
252 968
253 20
253 207
253 213
253 798
254 117
254 217
254 347
254 944
255 171
255 496
255 978
255 999
256 241
256 372
256 716
256 926
257 424
257 469
257 714
257 905
258 303
258 389
258 448
258 600
259 18
259 307
259 311
259 983
260 451
260 489
260 790
260 958
261 156
261 225
261 725
261 751
262 7
262 139
262 264
262 661
263 75
263 236
263 765
263 903
264 43
264 349
264 713
264 724
265 214
265 318
265 554
265 646
266 650
266 661
266 779
266 986
267 232
267 371
267 826
267 917
268 129
268 661
268 930
268 939
269 155
269 473
269 761
269 821
270 28
270 312
270 556
270 604
271 31
271 79
271 598
271 780
272 14
272 203
272 710
272 948
273 103
273 676
273 690
273 940
274 250
274 704
274 796
274 815
275 4
275 458
275 551
275 591
276 423
276 435
276 577
276 924
277 300
277 376
277 407
277 468
278 171
278 572
278 700
278 987
279 28
279 109
279 406
279 443
280 353
280 362
280 648
280 674
281 82
281 102
281 244
281 509
282 2
282 403
282 647
282 692
283 30
283 468
283 501
283 565
284 68
284 80
284 833
284 863
285 291
285 342
285 899
285 940
286 311
286 366
286 510
286 900
287 113
287 370
287 440
287 923
288 119
288 298
288 720
288 742
289 280
289 435
289 863
289 977
290 315
290 494
290 674
290 706
291 4
291 84
291 126
291 767
292 137
292 296
292 305
292 896
293 258
293 275
293 666
293 716
294 609
294 673
294 837
294 864
295 152
295 300
295 913
295 924
296 528
296 550
296 580
296 897
297 181
297 353
297 555
297 795
298 21
298 212
298 269
298 660
299 507
299 709
299 727
299 920
300 134
300 315
300 705
300 758
301 163
301 801
301 866
301 917
302 442
302 674
302 756
302 806
303 28
303 699
303 714
303 781
304 10
304 181
304 275
304 358
305 210
305 263
305 363
305 730
306 147
306 463
306 485
306 693
307 204
307 740
307 765
307 835
308 170
308 618
308 740
308 771
309 138
309 418
309 527
309 677
310 230
310 290
310 399
310 829
311 20
311 59
311 236
311 737
312 59
312 64
312 142
312 166
313 211
313 277
313 312
313 793
314 55
314 204
314 582
314 662
315 244
315 356
315 532
315 770
316 621
316 765
316 844
316 848
317 237
317 252
317 481
317 755
318 188
318 221
318 258
318 873
319 5
319 470
319 805
319 846
320 294
320 297
320 472
320 701
321 494
321 876
321 891
321 957
322 111
322 723
322 976
322 980
323 317
323 550
323 718
323 788
324 125
324 302
324 424
324 787
325 105
325 428
325 535
325 750
326 265
326 308
326 452
326 520
327 269
327 320
327 824
327 960
328 91
328 104
328 795
328 953
329 210
329 403
329 500
329 962
330 273
330 458
330 750
330 827
331 85
331 244
331 629
331 933
332 740
332 825
332 886
332 971
333 91
333 238
333 261
333 780
334 119
334 159
334 467
334 921
335 272
335 454
335 720
335 723
336 177
336 674
336 939
336 977
337 239
337 374
337 758
337 759
338 315
338 884
338 923
338 965
339 10
339 576
339 783
339 935
340 50
340 101
340 230
340 470
341 422
341 686
341 765
341 851
342 43
342 71
342 98
342 232
343 17
343 297
343 471
343 493
344 181
344 443
344 673
344 963
345 18
345 240
345 386
345 842
346 32
346 90
346 964
346 996
347 375
347 473
347 540
347 945
348 441
348 533
348 770
348 857
349 357
349 521
349 549
349 679
350 135
350 323
350 775
350 833
351 17
351 440
351 849
351 983
352 146
352 156
352 468
352 986
353 162
353 220
353 726
353 812
354 75
354 438
354 627
354 830
355 132
355 640
355 760
355 842
356 323
356 731
356 902
356 906
357 6
357 93
357 436
357 638
358 339
358 344
358 531
358 855
359 87
359 353
359 546
359 870
360 13
360 189
360 663
360 942
361 224
361 236
361 720
361 745
362 399
362 490
362 657
362 794
363 18
363 283
363 326
363 376
364 116
364 408
364 943
364 946
365 466
365 568
365 641
365 800
366 11
366 555
366 607
366 822
367 123
367 273
367 367
367 571
368 110
368 410
368 419
368 739
369 191
369 195
369 284
369 471
370 53
370 699
370 738
370 867
371 329
371 521
371 577
371 876
372 11
372 14
372 197
372 713
373 320
373 590
373 743
373 775
374 10
374 32
374 434
374 497
375 214
375 341
375 537
375 627
376 9
376 248
376 578
376 888
377 444
377 783
377 803
377 979
378 275
378 302
378 818
378 938
379 101
379 419
379 441
379 714
380 194
380 456
380 778
380 933
381 95
381 372
381 588
381 915
382 128
382 196
382 442
382 647
383 80
383 693
383 765
383 860
384 204
384 490
384 752
384 880
385 82
385 351
385 600
385 823
386 359
386 571
386 572
386 718
387 354
387 481
387 638
387 714
388 76
388 269
388 361
388 372
389 614
389 635
389 863
389 881
390 186
390 506
390 730
390 932
391 4
391 6
391 117
391 782
392 159
392 600
392 611
392 696
393 216
393 346
393 527
393 702
394 230
394 311
394 502
394 996
395 6
395 296
395 688
395 707
396 382
396 524
396 756
396 803
397 281
397 715
397 813
397 906
398 290
398 713
398 853
398 864
399 156
399 586
399 820
399 966
400 76
400 209
400 374
400 557
401 75
401 299
401 578
401 612
402 117
402 437
402 645
402 797
403 91
403 208
403 570
403 998
404 75
404 346
404 763
404 986
405 77
405 228
405 616
405 934
406 396
406 416
406 800
406 932
407 110
407 473
407 729
407 932
408 98
408 387
408 497
408 877
409 243
409 412
409 418
409 937
410 415
410 499
410 658
410 887
411 318
411 488
411 732
411 949
412 34
412 52
412 751
412 878
413 423
413 587
413 781
413 855
414 161
414 389
414 815
414 816
415 98
415 385
415 411
415 478
416 561
416 791
416 918
416 927
417 157
417 603
417 868
417 970
418 78
418 418
418 692
418 876
419 341
419 569
419 725
419 772
420 32
420 109
420 650
420 977
421 278
421 509
421 658
421 702
422 214
422 366
422 754
422 765
423 16
423 34
423 93
423 580
424 432
424 545
424 785
424 801
425 66
425 329
425 654
425 833
426 63
426 189
426 255
426 269
427 16
427 83
427 167
427 545
428 221
428 310
428 477
428 945
429 9
429 81
429 669
429 787
430 463
430 700
430 713
430 943
431 139
431 523
431 703
431 903
432 141
432 216
432 334
432 657
433 94
433 196
433 360
433 599
434 652
434 945
434 972
434 974
435 8
435 375
435 464
435 734
436 112
436 296
436 668
436 951
437 415
437 438
437 796
437 804
438 111
438 364
438 820
438 995
439 94
439 211
439 373
439 551
440 261
440 295
440 931
440 974
441 3
441 119
441 556
441 724
442 428
442 534
442 954
442 995
443 145
443 328
443 836
443 862
444 42
444 116
444 559
444 730
445 439
445 854
445 858
445 935
446 375
446 866
446 972
446 983
447 15
447 368
447 760
447 970
448 341
448 880
448 966
448 976
449 121
449 432
449 545
449 982
450 74
450 245
450 329
450 786
451 7
451 424
451 900
451 918
452 547
452 686
452 803
452 819
453 369
453 511
453 522
453 786
454 506
454 689
454 738
454 788
455 345
455 663
455 666
455 721
456 91
456 186
456 309
456 776
457 631
457 782
457 841
457 843
458 42
458 339
458 722
458 906
459 205
459 455
459 787
459 989
460 160
460 191
460 382
460 727
461 38
461 159
461 463
461 526
462 123
462 206
462 934
462 974
463 56
463 188
463 195
463 515
464 231
464 349
464 364
464 908
465 109
465 230
465 493
465 913
466 37
466 44
466 581
466 594
467 2
467 639
467 688
467 739
468 84
468 390
468 689
468 847
469 42
469 43
469 525
469 984
470 54
470 59
470 475
470 600
471 272
471 433
471 840
471 987
472 32
472 236
472 709
472 987
473 187
473 212
473 271
473 555
474 180
474 214
474 367
474 767
475 16
475 94
475 390
475 568
476 114
476 696
476 845
476 944
477 85
477 131
477 358
477 656
478 218
478 266
478 533
478 693
479 78
479 255
479 426
479 744
480 114
480 264
480 279
480 364
481 186
481 195
481 815
481 817
482 475
482 594
482 872
482 943
483 638
483 754
483 833
483 952
484 148
484 213
484 685
484 862
485 453
485 496
485 799
485 824
486 149
486 451
486 815
486 874
487 33
487 112
487 315
487 625
488 141
488 619
488 650
488 977
489 518
489 561
489 629
489 831
490 416
490 484
490 675
490 799
491 255
491 322
491 653
491 672
492 310
492 318
492 386
492 790
493 354
493 572
493 759
493 968
494 85
494 360
494 440
494 882
495 121
495 245
495 545
495 832
496 311
496 415
496 442
496 667
497 108
497 259
497 587
497 661
498 295
498 344
498 782
498 980
499 62
499 337
499 495
499 609
500 91
500 387
500 548
500 837
501 137
501 415
501 554
501 732
502 128
502 512
502 912
502 926
503 94
503 211
503 864
503 892
504 330
504 467
504 724
504 828
505 80
505 404
505 626
505 984
506 44
506 219
506 449
506 608
507 86
507 483
507 743
507 773
508 3
508 187
508 603
508 810
509 121
509 373
509 763
509 883
510 223
510 579
510 641
510 747
511 106
511 178
511 395
511 771
512 85
512 102
512 181
512 342
513 40
513 282
513 400
513 722
514 191
514 268
514 606
514 703
515 191
515 252
515 476
515 736
516 271
516 488
516 591
516 842
517 532
517 556
517 695
517 866
518 115
518 513
518 680
518 998
519 79
519 121
519 216
519 967
520 289
520 429
520 624
520 640
521 142
521 149
521 219
521 393
522 161
522 354
522 488
522 919
523 47
523 308
523 347
523 699
524 16
524 152
524 575
524 683
525 6
525 280
525 482
525 632
526 30
526 285
526 473
526 890
527 318
527 618
527 826
527 842
528 369
528 560
528 643
528 664
529 325
529 332
529 746
529 898
530 65
530 222
530 274
530 364
531 186
531 216
531 682
531 729
532 205
532 388
532 822
532 877
533 166
533 502
533 504
533 625
534 156
534 430
534 686
534 842
535 41
535 393
535 849
535 942
536 389
536 477
536 502
536 840
537 401
537 538
537 616
537 805
538 395
538 526
538 648
538 710
539 381
539 601
539 884
539 929
540 106
540 266
540 394
540 774
541 62
541 68
541 118
541 982
542 25
542 455
542 473
542 716
543 505
543 517
543 809
543 965
544 122
544 211
544 419
544 807
545 374
545 417
545 477
545 679
546 310
546 328
546 754
546 882
547 370
547 577
547 636
547 867
548 311
548 365
548 479
548 994
549 128
549 206
549 726
549 731
550 190
550 546
550 685
550 988
551 284
551 380
551 393
551 515
552 141
552 178
552 542
552 686
553 284
553 289
553 484
553 734
554 376
554 477
554 610
554 616
555 321
555 399
555 650
555 949
556 783
556 803
556 816
556 817
557 48
557 225
557 362
557 553
558 19
558 294
558 485
558 980
559 240
559 283
559 583
559 683
560 108
560 589
560 626
560 870
561 35
561 74
561 601
561 631
562 38
562 389
562 412
562 504
563 560
563 613
563 705
563 827
564 33
564 365
564 448
564 671
565 208
565 443
565 574
565 608
566 245
566 286
566 558
566 950
567 49
567 101
567 560
567 647
568 110
568 206
568 405
568 444
569 651
569 655
569 815
569 997
570 50
570 557
570 783
570 843
571 312
571 323
571 696
571 924
572 85
572 320
572 656
572 749
573 67
573 151
573 255
573 338
574 88
574 333
574 334
574 715
575 486
575 592
575 693
575 994
576 295
576 689
576 734
576 898
577 275
577 420
577 693
577 695
578 59
578 477
578 608
578 910
579 447
579 505
579 698
579 984
580 198
580 752
580 796
580 831
581 158
581 355
581 427
581 931
582 84
582 617
582 735
582 764
583 303
583 384
583 446
583 535
584 67
584 460
584 819
584 990
585 100
585 427
585 750
585 978
586 83
586 301
586 614
586 974
587 373
587 415
587 829
587 920
588 127
588 420
588 831
588 978
589 104
589 279
589 512
589 922
590 50
590 85
590 167
590 198
591 44
591 89
591 568
591 888
592 483
592 639
592 692
592 761
593 38
593 72
593 413
593 953
594 362
594 412
594 788
594 790
595 268
595 368
595 844
595 909
596 137
596 395
596 673
596 736
597 307
597 533
597 892
597 983
598 115
598 194
598 818
598 973
599 191
599 764
599 958
599 994
600 71
600 121
600 428
600 592
601 355
601 382
601 547
601 578
602 241
602 259
602 766
602 909
603 17
603 27
603 700
603 941
604 15
604 149
604 800
604 802
605 286
605 639
605 698
605 961
606 137
606 197
606 222
606 440
607 120
607 385
607 503
607 527
608 45
608 260
608 377
608 910
609 60
609 187
609 343
609 984
610 469
610 605
610 865
610 991
611 51
611 294
611 317
611 797
612 246
612 408
612 728
612 855
613 174
613 663
613 777
613 956
614 382
614 437
614 448
614 777
615 285
615 826
615 851
615 852
616 29
616 203
616 243
616 923
617 141
617 536
617 795
617 823
618 136
618 511
618 650
618 652
619 213
619 656
619 736
619 851
620 135
620 177
620 210
620 961
621 410
621 601
621 652
621 976
622 109
622 129
622 193
622 227
623 90
623 287
623 416
623 579
624 85
624 363
624 921
624 926
625 259
625 500
625 766
625 893
626 25
626 336
626 695
626 941
627 88
627 119
627 581
627 813
628 115
628 167
628 446
628 498
629 326
629 429
629 505
629 885
630 68
630 273
630 423
630 841
631 116
631 667
631 824
631 929
632 428
632 595
632 702
632 731
633 221
633 544
633 753
633 815
634 145
634 326
634 418
634 843
635 384
635 402
635 875
635 917
636 32
636 693
636 881
636 914
637 112
637 140
637 627
637 928
638 39
638 43
638 92
638 111
639 314
639 530
639 604
639 956
640 65
640 213
640 294
640 838
641 197
641 293
641 629
641 771
642 166
642 306
642 309
642 741
643 52
643 109
643 455
643 511
644 7
644 261
644 310
644 824
645 244
645 448
645 479
645 507
646 181
646 245
646 415
646 853
647 67
647 300
647 500
647 917
648 6
648 73
648 94
648 176
649 103
649 145
649 489
649 675
650 431
650 597
650 686
650 731
651 62
651 162
651 894
651 924
652 159
652 275
652 435
652 458
653 24
653 396
653 610
653 823
654 511
654 715
654 765
654 955
655 238
655 635
655 666
655 923
656 166
656 360
656 448
656 887
657 64
657 398
657 591
657 619
658 70
658 287
658 448
658 986
659 477
659 730
659 760
659 926
660 7
660 377
660 812
660 929
661 252
661 632
661 753
661 851
662 141
662 619
662 621
662 763
663 56
663 467
663 471
663 805
664 7
664 36
664 466
664 620
665 59
665 266
665 384
665 807
666 32
666 185
666 763
666 851
667 101
667 237
667 463
667 554
668 468
668 715
668 748
668 772
669 79
669 237
669 300
669 874
670 654
670 691
670 868
670 925
671 98
671 426
671 431
671 987
672 134
672 594
672 612
672 998
673 57
673 144
673 654
673 748
674 217
674 618
674 815
674 841
675 47
675 117
675 219
675 568
676 52
676 366
676 406
676 493
677 130
677 421
677 783
677 860
678 405
678 595
678 842
678 960
679 35
679 84
679 173
679 989
680 233
680 364
680 414
680 417
681 34
681 73
681 164
681 387
682 71
682 471
682 766
682 824
683 11
683 263
683 354
683 479
684 309
684 820
684 834
684 879
685 291
685 311
685 356
685 717
686 149
686 593
686 651
686 754
687 92
687 259
687 277
687 865
688 138
688 194
688 544
688 802
689 28
689 251
689 290
689 382
690 29
690 40
690 187
690 600
691 549
691 555
691 730
691 774
692 120
692 252
692 685
692 923
693 203
693 341
693 427
693 734
694 83
694 128
694 148
694 584
695 304
695 423
695 492
695 935
696 455
696 714
696 824
696 883
697 203
697 244
697 344
697 422
698 115
698 431
698 495
698 544
699 366
699 429
699 440
699 573
700 175
700 628
700 956
700 999
701 89
701 489
701 672
701 795
702 2
702 153
702 210
702 535
703 76
703 124
703 131
703 832
704 107
704 352
704 517
704 798
705 85
705 223
705 296
705 507
706 46
706 561
706 719
706 976
707 42
707 82
707 169
707 200
708 317
708 580
708 776
708 849
709 190
709 256
709 490
709 734
710 75
710 547
710 608
710 618
711 184
711 318
711 342
711 522
712 17
712 275
712 776
712 962
713 145
713 823
713 863
713 909
714 145
714 517
714 976
714 981
715 399
715 589
715 705
715 941
716 64
716 155
716 513
716 684
717 135
717 542
717 746
717 992
718 426
718 620
718 698
718 899
719 399
719 566
719 891
719 899
720 280
720 378
720 589
720 699
721 48
721 115
721 321
721 663
722 86
722 128
722 183
722 985
723 50
723 192
723 256
723 578
724 160
724 297
724 601
724 779
725 147
725 593
725 839
725 929
726 288
726 653
726 934
726 959
727 1
727 205
727 606
727 773
728 117
728 193
728 719
728 900
729 38
729 433
729 881
729 967
730 115
730 195
730 705
730 713
731 358
731 638
731 702
731 764
732 190
732 255
732 542
732 787
733 273
733 422
733 474
733 914
734 59
734 209
734 686
734 883
735 133
735 182
735 191
735 915
736 307
736 480
736 515
736 751
737 101
737 541
737 694
737 827
738 77
738 143
738 512
738 891
739 108
739 212
739 369
739 830
740 241
740 256
740 442
740 802
741 10
741 698
741 710
741 931
742 302
742 524
742 581
742 777
743 58
743 168
743 427
743 928
744 579
744 612
744 716
744 812
745 192
745 671
745 935
745 965
746 503
746 570
746 831
746 977
747 519
747 727
747 869
747 979
748 32
748 134
748 471
748 681
749 10
749 293
749 326
749 450
750 255
750 452
750 458
750 626
751 150
751 281
751 362
751 807
752 13
752 191
752 345
752 612
753 709
753 739
753 841
753 844
754 111
754 196
754 352
754 977
755 371
755 658
755 826
755 849
756 642
756 646
756 950
756 993
757 304
757 453
757 640
757 801
758 221
758 563
758 728
758 928
759 399
759 678
759 687
759 995
760 270
760 614
760 792
760 979
761 101
761 163
761 397
761 716
762 50
762 243
762 265
762 758
763 239
763 304
763 485
763 553
764 191
764 195
764 434
764 757
765 525
765 544
765 750
765 945
766 60
766 590
766 601
766 874
767 20
767 136
767 856
767 876
768 104
768 341
768 512
768 724
769 178
769 219
769 329
769 497
770 130
770 444
770 462
770 959
771 276
771 857
771 875
771 915
772 87
772 275
772 517
772 899
773 110
773 537
773 588
773 848
774 115
774 119
774 959
774 970
775 64
775 327
775 331
775 361
776 134
776 212
776 303
776 959
777 393
777 420
777 822
777 963
778 214
778 318
778 570
778 719
779 361
779 703
779 948
779 951
780 91
780 198
780 202
780 280
781 231
781 429
781 745
781 798
782 52
782 355
782 573
782 963
783 228
783 477
783 667
783 949
784 130
784 157
784 416
784 581
785 389
785 592
785 866
785 890
786 468
786 921
786 952
786 977
787 406
787 724
787 851
787 945
788 198
788 741
788 825
788 873
789 328
789 775
789 986
789 992
790 318
790 320
790 416
790 650
791 177
791 506
791 580
791 587
792 303
792 378
792 482
792 598
793 51
793 496
793 586
793 645
794 226
794 376
794 685
794 799
795 575
795 654
795 759
795 804
796 113
796 323
796 644
796 904
797 22
797 456
797 553
797 975
798 88
798 96
798 720
798 746
799 402
799 615
799 968
799 997
800 257
800 624
800 629
800 959
801 183
801 663
801 766
801 811
802 343
802 353
802 592
802 737
803 133
803 668
803 730
803 811
804 117
804 184
804 871
804 992
805 67
805 173
805 564
805 890
806 316
806 521
806 688
806 937
807 98
807 306
807 537
807 957
808 116
808 402
808 462
808 938
809 45
809 203
809 445
809 698
810 227
810 633
810 666
810 813
811 74
811 632
811 704
811 914
812 240
812 738
812 807
812 986
813 534
813 799
813 911
813 975
814 258
814 567
814 647
814 695
815 144
815 221
815 256
815 551
816 183
816 378
816 455
816 584
817 126
817 156
817 505
817 999
818 39
818 433
818 464
818 740
819 157
819 767
819 898
819 952
820 162
820 245
820 525
820 543
821 148
821 343
821 409
821 799
822 61
822 426
822 674
822 839
823 613
823 709
823 757
823 980
824 669
824 798
824 846
824 978
825 20
825 59
825 71
825 186
826 63
826 262
826 407
826 657
827 421
827 683
827 889
827 969
828 115
828 334
828 563
828 645
829 157
829 480
829 852
829 862
830 17
830 386
830 564
830 623
831 105
831 116
831 478
831 998
832 192
832 758
832 766
832 970
833 308
833 347
833 417
833 736
834 222
834 645
834 707
834 848
835 48
835 269
835 729
835 781
836 171
836 511
836 734
836 951
837 320
837 353
837 619
837 645
838 206
838 414
838 521
838 678
839 46
839 62
839 423
839 967
840 291
840 638
840 740
840 834
841 349
841 393
841 897
841 903
842 5
842 92
842 102
842 870
843 142
843 310
843 417
843 433
844 172
844 320
844 449
844 466
845 115
845 509
845 716
845 803
846 459
846 549
846 683
846 936
847 249
847 523
847 713
847 996
848 285
848 327
848 465
848 634
849 92
849 373
849 753
849 900
850 75
850 81
850 237
850 729
851 366
851 398
851 761
851 828
852 24
852 140
852 511
852 654
853 189
853 370
853 508
853 749
854 212
854 549
854 626
854 991
855 404
855 410
855 659
855 932
856 13
856 82
856 423
856 831
857 44
857 483
857 597
857 739
858 44
858 588
858 688
858 761
859 12
859 380
859 411
859 489
860 58
860 115
860 583
860 869
861 587
861 648
861 875
861 955
862 556
862 839
862 903
862 953
863 61
863 629
863 700
863 788
864 53
864 270
864 355
864 727
865 359
865 872
865 880
865 993
866 200
866 341
866 453
866 999
867 80
867 236
867 852
867 904
868 301
868 384
868 601
868 876
869 286
869 536
869 641
869 742
870 25
870 26
870 477
870 902
871 203
871 339
871 607
871 696
872 198
872 263
872 386
872 804
873 89
873 493
873 744
873 748
874 86
874 193
874 242
874 417
875 198
875 287
875 498
875 693
876 669
876 678
876 761
876 859
877 335
877 479
877 529
877 666
878 99
878 139
878 709
878 948
879 138
879 364
879 474
879 874
880 177
880 190
880 596
880 746
881 278
881 294
881 423
881 846
882 150
882 436
882 444
882 477
883 43
883 228
883 301
883 787
884 131
884 588
884 943
884 960
885 429
885 543
885 618
885 881
886 114
886 379
886 531
886 590
887 324
887 512
887 637
887 803
888 377
888 733
888 946
888 964
889 277
889 342
889 381
889 803
890 158
890 185
890 285
890 490
891 203
891 718
891 730
891 827
892 392
892 515
892 545
892 892
893 147
893 325
893 584
893 703
894 551
894 843
894 887
894 900
895 550
895 790
895 862
895 981
896 180
896 419
896 857
896 895
897 114
897 637
897 664
897 732
898 613
898 787
898 792
898 864
899 78
899 226
899 332
899 594
900 152
900 255
900 432
900 639
901 84
901 605
901 735
901 793
902 500
902 565
902 678
902 988
903 41
903 366
903 779
903 919
904 191
904 709
904 805
904 866
905 88
905 694
905 788
905 843
906 188
906 661
906 704
906 710
907 218
907 481
907 584
907 803
908 35
908 245
908 543
908 690
909 63
909 387
909 772
909 908
910 99
910 239
910 678
910 705
911 5
911 44
911 367
911 935
912 151
912 238
912 318
912 753
913 456
913 557
913 705
913 836
914 64
914 342
914 379
914 852
915 113
915 176
915 316
915 999
916 168
916 447
916 693
916 788
917 265
917 273
917 490
917 815
918 216
918 640
918 842
918 854
919 103
919 415
919 621
919 699
920 75
920 690
920 807
920 932
921 150
921 468
921 521
921 584
922 280
922 863
922 901
922 1000
923 259
923 388
923 880
923 942
924 519
924 588
924 722
924 944
925 118
925 523
925 810
925 886
926 116
926 183
926 425
926 473
927 95
927 373
927 731
927 894
928 221
928 665
928 802
928 837
929 168
929 231
929 435
929 703
930 3
930 201
930 513
930 864
931 69
931 297
931 782
931 821
932 41
932 43
932 127
932 505
933 95
933 583
933 656
933 989
934 272
934 351
934 518
934 932
935 263
935 273
935 600
935 979
936 47
936 235
936 387
936 975
937 10
937 253
937 797
937 816
938 327
938 531
938 781
938 996
939 133
939 382
939 738
939 944
940 57
940 634
940 728
940 960
941 50
941 232
941 487
941 631
942 190
942 409
942 663
942 939
943 2
943 150
943 277
943 762
944 41
944 276
944 289
944 765
945 142
945 235
945 540
945 961
946 264
946 285
946 422
946 456
947 147
947 242
947 518
947 854
948 175
948 403
948 410
948 525
949 78
949 532
949 723
949 962
950 255
950 271
950 829
950 878
951 593
951 951
951 962
951 980
952 572
952 693
952 855
952 887
953 67
953 635
953 832
953 880
954 190
954 271
954 452
954 487
955 447
955 484
955 863
955 920
956 495
956 561
956 572
956 794
957 119
957 344
957 863
957 896
958 338
958 351
958 837
958 895
959 20
959 197
959 417
959 519
960 81
960 214
960 255
960 380
961 115
961 210
961 274
961 717
962 236
962 366
962 413
962 811
963 449
963 647
963 825
963 913
964 161
964 175
964 513
964 977
965 695
965 813
965 825
965 981
966 158
966 651
966 791
966 933
967 58
967 462
967 572
967 686
968 249
968 393
968 648
968 935
969 124
969 135
969 319
969 611
970 95
970 319
970 482
970 895
971 95
971 126
971 235
971 265
972 180
972 356
972 683
972 972
973 89
973 92
973 568
973 746
974 119
974 313
974 608
974 707
975 122
975 546
975 706
975 981
976 238
976 367
976 393
976 626
977 174
977 379
977 795
977 962
978 9
978 417
978 504
978 528
979 436
979 490
979 543
979 983
980 66
980 612
980 620
980 752
981 1
981 19
981 297
981 942
982 115
982 167
982 271
982 946
983 448
983 506
983 616
983 988
984 351
984 589
984 745
984 994
985 353
985 515
985 534
985 839
986 86
986 299
986 605
986 999
987 151
987 380
987 718
987 903
988 35
988 279
988 752
988 774
989 72
989 138
989 404
989 430
990 256
990 279
990 665
990 743
991 295
991 481
991 603
991 797
992 135
992 173
992 601
992 959
993 487
993 591
993 807
993 875
994 495
994 603
994 629
994 798
995 194
995 221
995 756
995 959
996 270
996 410
996 837
996 931
997 30
997 37
997 472
997 667
998 136
998 220
998 314
998 902
999 40
999 413
999 555
999 832
1000 177
1000 611
1000 826
1000 962
