# The woods are lovely, dark and deep
# But I have promises to keep
# Size: 129 And miles to go before I sleep
# And miles to go before I sleep
1 50
1 108
2 87
2 97
3 39
3 110
3 129
4 16
4 94
4 129
5 32
5 116
5 129
6 28
6 33
7 120
7 121
7 129
8 73
8 123
8 129
9 18
9 49
9 129
10 114
10 122
10 129
11 22
11 75
12 52
12 113
12 129
13 26
13 122
13 129
14 19
14 81
15 32
15 67
15 129
16 15
16 96
17 36
17 73
17 129
18 74
18 101
18 129
19 62
19 70
20 43
20 55
21 12
21 73
21 129
22 45
22 97
23 103
23 110
23 129
24 44
24 56
24 129
25 11
25 64
26 8
26 124
26 129
27 2
27 42
27 129
28 28
28 33
28 129
29 56
29 120
30 34
30 109
30 129
31 3
31 75
32 48
32 103
32 129
33 36
33 107
33 129
34 3
34 23
34 129
35 56
35 73
35 129
36 9
36 31
36 129
37 40
37 123
38 16
38 102
38 129
39 8
39 20
40 42
40 81
40 129
41 16
41 62
42 96
42 98
42 129
43 5
43 21
43 129
44 55
44 108
45 12
45 36
45 129
46 110
46 120
46 129
47 66
47 69
48 5
48 6
48 129
49 6
49 75
49 129
50 106
50 120
51 13
51 66
52 13
52 65
53 5
53 17
53 129
54 30
54 115
55 1
55 108
56 18
56 28
56 129
57 30
57 80
57 129
58 36
58 115
58 129
59 58
59 84
59 129
60 42
60 53
60 129
61 12
61 95
62 18
62 90
62 129
63 90
63 100
64 50
64 92
64 129
65 44
65 65
66 37
66 81
66 129
67 36
67 121
68 20
68 24
69 9
69 27
70 74
70 110
71 8
71 107
72 8
72 41
72 129
73 58
73 92
74 89
74 102
75 19
75 95
75 129
76 2
76 50
76 129
77 54
77 68
78 18
78 117
78 129
79 1
79 93
80 9
80 66
81 5
81 41
81 129
82 10
82 62
83 39
83 80
83 129
84 67
84 71
84 129
85 6
85 46
85 129
86 79
86 115
87 81
87 86
87 129
88 55
88 107
88 129
89 19
89 46
89 129
90 11
90 88
90 129
91 45
91 46
91 129
92 65
92 92
92 129
93 46
93 68
93 129
94 47
94 66
95 22
95 109
96 61
96 94
96 129
97 50
97 68
98 44
98 69
99 67
99 86
99 129
100 40
100 80
100 129
101 69
101 94
102 75
102 127
102 129
103 9
103 109
104 54
104 124
105 20
105 112
105 129
106 41
106 92
106 129
107 95
107 96
107 129
108 74
108 82
109 4
109 120
110 13
110 14
111 45
111 104
111 129
112 78
112 105
112 129
113 27
113 74
113 129
114 1
114 23
115 35
115 83
116 110
116 118
117 31
117 115
117 129
118 104
118 109
118 129
119 26
119 53
120 13
120 56
121 23
121 36
122 34
122 49
122 129
123 37
123 51
123 129
124 41
124 116
125 43
125 102
126 91
126 100
126 129
127 7
127 95
128 39
128 115
129 1
129 3
129 7
129 8
129 9
129 10
129 11
129 13
129 16
129 17
129 20
129 21
129 26
129 27
129 29
129 32
129 34
129 35
129 41
129 43
129 44
129 45
129 46
129 48
129 49
129 50
129 53
129 55
129 61
129 62
129 63
129 64
129 66
129 67
129 69
129 70
129 73
129 74
129 76
129 78
129 83
129 85
129 86
129 87
129 89
129 92
129 94
129 97
129 101
129 102
129 104
129 105
129 107
129 108
129 109
129 111
129 113
129 115
129 116
129 117
129 120
129 121
129 123
129 124
129 125
129 126
129 128
129 129
