# The woods are lovely, dark and deep
# But I have promises to keep
# Size: 81 And miles to go before I sleep
# And miles to go before I sleep
1 8
1 42
1 45
1 52
2 25
2 29
2 58
3 5
3 18
3 25
3 30
4 10
4 11
4 27
4 54
5 29
5 32
5 41
5 42
5 46
6 5
6 49
6 62
7 12
7 19
7 38
8 44
8 57
8 61
9 8
9 24
9 45
9 53
10 27
10 39
10 48
10 57
10 60
11 11
11 26
11 37
11 45
11 57
12 6
12 23
12 40
13 1
13 9
13 14
14 12
14 18
14 58
15 21
15 44
15 46
15 52
16 38
16 45
16 49
17 37
17 52
17 53
17 56
17 62
18 23
18 26
18 36
18 39
19 19
19 24
19 30
19 38
19 63
20 13
20 44
20 52
21 9
21 24
21 47
22 5
22 19
22 21
22 34
23 1
23 11
23 35
23 41
24 4
24 26
24 45
25 7
25 24
25 35
25 47
25 53
26 21
26 29
26 58
26 59
27 6
27 23
27 48
28 2
28 11
28 39
28 52
28 57
29 9
29 18
29 29
29 34
30 42
30 53
30 61
31 16
31 46
31 53
32 8
32 19
32 25
32 37
33 7
33 36
33 42
34 8
34 17
34 44
35 3
35 16
35 39
35 40
35 44
36 5
36 42
36 46
36 55
37 2
37 30
37 46
38 38
38 43
38 45
38 61
39 30
39 38
39 49
40 7
40 36
40 60
41 21
41 29
41 35
42 28
42 36
42 47
43 1
43 18
43 52
43 62
44 13
44 17
44 24
44 35
44 48
45 13
45 29
45 51
45 56
45 60
46 32
46 50
46 61
47 6
47 41
47 61
48 1
48 51
48 53
49 25
49 32
49 38
49 47
50 23
50 34
50 41
51 9
51 33
51 43
51 47
51 54
52 34
52 48
52 56
53 3
53 38
53 39
54 1
54 23
54 46
55 19
55 29
55 36
55 40
56 2
56 46
56 47
56 56
57 12
57 54
57 60
58 25
58 38
58 45
59 14
59 31
59 51
60 8
60 29
60 34
60 48
60 54
61 7
61 24
61 32
61 34
61 52
62 9
62 35
62 40
62 44
62 64
63 15
63 17
63 39
64 2
64 23
64 32
64 34
64 52
65 81
66 81
67 81
68 81
69 81
70 81
71 81
72 81
73 81
74 81
75 81
76 81
77 81
78 81
79 81
80 81
