# The woods are lovely, dark and deep
# But I have promises to keep
# Size: 81 And miles to go before I sleep
# And miles to go before I sleep
1 7
1 39
1 53
2 6
2 27
2 40
3 10
3 30
3 63
4 5
4 13
4 36
4 43
5 11
5 29
5 30
5 43
5 50
6 31
6 47
6 48
7 11
7 19
7 25
7 27
7 51
8 5
8 19
8 47
8 63
9 25
9 28
9 33
9 60
9 63
10 1
10 21
10 52
11 29
11 48
11 56
12 18
12 24
12 33
12 38
12 52
13 11
13 12
13 20
13 48
14 16
14 17
14 36
14 44
14 47
15 11
15 19
15 25
16 6
16 35
16 37
16 64
17 11
17 38
17 49
18 15
18 34
18 39
18 46
18 64
19 22
19 27
19 61
20 7
20 28
20 42
21 1
21 50
21 54
21 55
22 4
22 6
22 46
23 4
23 25
23 33
23 35
23 49
24 24
24 35
24 60
24 64
25 4
25 50
25 63
26 13
26 33
26 53
26 55
26 59
27 2
27 18
27 22
27 35
27 53
28 9
28 11
28 29
28 53
28 54
29 19
29 40
29 56
29 57
30 25
30 31
30 61
31 11
31 50
31 54
31 63
31 64
32 8
32 11
32 48
32 52
33 6
33 9
33 44
33 46
33 47
34 21
34 40
34 47
34 60
35 19
35 31
35 61
36 2
36 28
36 52
37 11
37 16
37 58
37 62
38 5
38 6
38 25
38 32
38 60
39 3
39 28
39 36
40 18
40 19
40 39
40 52
41 1
41 3
41 9
41 10
41 13
42 5
42 25
42 39
43 15
43 43
43 47
44 9
44 33
44 53
45 19
45 22
45 57
46 19
46 25
46 28
46 38
46 47
47 21
47 23
47 47
47 54
47 58
48 5
48 7
48 57
48 61
48 63
49 22
49 25
49 37
49 43
50 44
50 50
50 61
51 15
51 21
51 34
51 58
51 60
52 9
52 15
52 20
52 47
53 22
53 32
53 41
53 56
53 61
54 13
54 22
54 23
54 35
54 40
55 15
55 22
55 27
55 37
56 9
56 16
56 49
56 64
57 22
57 26
57 54
57 58
58 7
58 18
58 40
58 51
58 57
59 6
59 25
59 54
59 56
60 2
60 19
60 28
60 34
60 52
61 1
61 19
61 30
61 37
61 63
62 4
62 15
62 59
62 61
63 18
63 36
63 47
64 40
64 55
64 56
64 57
65 81
66 81
67 81
68 81
69 81
70 81
71 81
72 81
73 81
74 81
75 81
76 81
77 81
78 81
79 81
80 81
