# The woods are lovely, dark and deep
# But I have promises to keep
# Size: 145 And miles to go before I sleep
# And miles to go before I sleep
1 26
1 44
1 54
1 75
1 124
2 21
2 82
2 92
2 116
3 9
3 42
3 51
3 122
4 51
4 93
4 103
5 21
5 71
5 104
6 24
6 66
6 77
6 91
7 10
7 26
7 45
7 72
8 6
8 48
8 70
8 73
8 111
9 39
9 72
9 84
9 85
9 116
10 6
10 61
10 107
10 112
11 5
11 101
11 112
12 21
12 67
12 74
13 15
13 44
13 50
13 57
14 32
14 62
14 73
14 86
15 6
15 93
15 101
16 48
16 77
16 104
16 122
17 37
17 108
17 128
18 51
18 67
18 80
19 13
19 23
19 44
19 91
19 124
20 4
20 40
20 53
20 100
21 56
21 107
21 119
22 47
22 54
22 68
22 90
22 93
23 10
23 43
23 69
23 93
24 25
24 65
24 79
24 89
24 110
25 4
25 69
25 72
26 4
26 25
26 53
27 49
27 68
27 104
27 111
28 7
28 43
28 46
28 85
28 94
29 4
29 25
29 44
29 97
30 28
30 107
30 110
31 15
31 52
31 104
32 58
32 80
32 89
33 55
33 65
33 73
33 116
33 127
34 2
34 11
34 58
34 92
35 19
35 31
35 69
36 36
36 57
36 95
36 108
36 117
37 33
37 47
37 71
37 93
37 99
38 7
38 60
38 76
38 96
38 103
39 32
39 105
39 108
40 21
40 27
40 56
40 119
41 4
41 6
41 86
42 25
42 87
42 102
42 113
42 127
43 81
43 93
43 125
43 128
44 9
44 85
44 112
45 23
45 85
45 90
46 10
46 20
46 34
46 86
47 17
47 28
47 33
47 55
47 68
48 7
48 9
48 38
48 60
49 4
49 78
49 95
49 101
49 108
50 25
50 82
50 115
51 66
51 75
51 88
51 89
51 128
52 60
52 93
52 98
53 27
53 29
53 45
53 89
53 121
54 11
54 19
54 28
54 77
54 120
55 40
55 103
55 104
55 117
56 59
56 74
56 92
57 72
57 84
57 127
58 48
58 58
58 89
59 20
59 40
59 89
59 98
59 109
60 15
60 78
60 121
61 65
61 87
61 94
61 117
62 71
62 73
62 109
63 32
63 33
63 48
64 2
64 9
64 51
64 52
64 80
65 23
65 29
65 55
66 3
66 29
66 36
67 41
67 60
67 83
67 108
67 114
68 6
68 47
68 54
68 68
68 91
69 38
69 92
69 107
69 125
70 19
70 26
70 68
71 21
71 29
71 37
71 47
71 114
72 13
72 18
72 64
72 118
72 126
73 44
73 74
73 91
73 126
74 62
74 117
74 122
75 26
75 75
75 79
75 106
75 108
76 22
76 48
76 69
76 101
77 5
77 73
77 122
78 46
78 75
78 120
79 83
79 85
79 126
80 33
80 39
80 96
80 108
80 120
81 2
81 99
81 106
81 112
81 125
82 19
82 29
82 33
82 60
82 99
83 7
83 48
83 80
83 91
83 100
84 3
84 22
84 73
84 114
85 51
85 58
85 65
85 88
85 98
86 13
86 30
86 54
86 73
86 108
87 13
87 25
87 30
87 46
87 116
88 22
88 57
88 81
88 84
88 97
89 37
89 104
89 114
90 21
90 45
90 84
90 102
91 37
91 71
91 96
92 7
92 64
92 91
92 99
93 67
93 89
93 112
94 7
94 37
94 41
94 46
94 79
95 35
95 39
95 72
96 60
96 62
96 71
96 101
97 41
97 60
97 81
98 51
98 61
98 91
99 2
99 39
99 50
99 76
99 112
100 54
100 60
100 101
100 125
101 10
101 13
101 46
101 102
101 111
102 25
102 42
102 92
103 2
103 35
103 87
103 98
104 57
104 68
104 88
105 34
105 73
105 106
105 115
105 128
106 2
106 5
106 60
106 80
106 105
107 50
107 76
107 83
107 89
108 12
108 32
108 106
109 42
109 52
109 54
109 68
110 8
110 25
110 32
110 99
111 21
111 28
111 83
111 125
112 39
112 57
112 62
113 22
113 24
113 25
113 96
114 36
114 78
114 111
115 11
115 106
115 112
116 8
116 72
116 86
117 43
117 53
117 68
117 109
118 17
118 46
118 54
118 78
118 112
119 9
119 72
119 98
119 101
120 36
120 45
120 58
120 68
120 92
121 5
121 28
121 34
121 60
121 99
122 34
122 63
122 105
122 109
122 114
123 1
123 74
123 75
123 80
123 83
124 10
124 24
124 61
124 70
124 95
125 5
125 16
125 45
125 119
126 23
126 51
126 61
127 1
127 52
127 54
127 86
127 89
128 36
128 67
128 89
129 145
130 145
131 145
132 145
133 145
134 145
135 145
136 145
137 145
138 145
139 145
140 145
141 145
142 145
143 145
144 145
