# The woods are lovely, dark and deep
# But I have promises to keep
# Size: 273 And miles to go before I sleep
# And miles to go before I sleep
1 7
1 82
1 106
1 175
1 248
2 38
2 205
2 227
2 246
3 90
3 153
3 219
4 27
4 51
4 84
4 150
4 164
5 1
5 129
5 167
5 213
5 215
6 38
6 75
6 124
6 177
6 238
7 39
7 117
7 134
7 162
7 211
8 127
8 167
8 212
9 144
9 150
9 216
9 232
10 56
10 90
10 171
10 234
10 241
11 5
11 21
11 164
11 194
12 1
12 5
12 101
12 139
12 143
13 61
13 68
13 158
13 170
14 150
14 156
14 173
14 195
14 212
15 64
15 126
15 135
15 230
16 12
16 98
16 203
17 27
17 235
17 239
18 37
18 66
18 156
19 14
19 22
19 52
19 256
20 25
20 74
20 217
21 7
21 11
21 63
21 107
21 228
22 54
22 152
22 207
23 6
23 29
23 34
23 53
23 93
24 44
24 95
24 210
24 242
25 181
25 235
25 252
26 10
26 168
26 199
26 251
27 5
27 67
27 110
27 159
28 11
28 139
28 191
28 220
29 59
29 122
29 243
30 10
30 64
30 76
30 168
30 241
31 62
31 203
31 256
32 42
32 54
32 99
32 119
32 165
33 100
33 170
33 182
34 99
34 120
34 166
35 43
35 57
35 205
36 18
36 203
36 204
37 27
37 74
37 160
37 249
38 39
38 72
38 117
38 149
38 196
39 126
39 167
39 187
39 197
40 67
40 104
40 152
40 174
40 219
41 24
41 162
41 221
41 230
42 149
42 155
42 203
42 210
43 98
43 176
43 179
43 209
44 81
44 148
44 154
44 208
45 10
45 105
45 172
45 220
45 256
46 10
46 149
46 227
47 79
47 95
47 155
47 230
48 40
48 104
48 149
48 253
49 11
49 37
49 192
49 232
49 236
50 131
50 138
50 230
50 250
51 64
51 135
51 220
51 233
51 244
52 76
52 81
52 159
52 204
53 21
53 38
53 41
53 114
54 88
54 104
54 110
54 176
54 205
55 178
55 186
55 233
56 131
56 147
56 173
56 219
56 230
57 14
57 69
57 83
57 134
58 1
58 135
58 185
58 243
59 123
59 195
59 244
60 22
60 152
60 179
60 203
60 207
61 54
61 117
61 201
61 207
62 11
62 29
62 74
62 227
63 15
63 30
63 32
63 213
63 243
64 40
64 195
64 228
65 3
65 91
65 177
66 13
66 76
66 124
66 133
67 9
67 87
67 134
67 135
67 231
68 33
68 36
68 84
69 88
69 89
69 92
69 170
69 245
70 109
70 176
70 189
71 23
71 34
71 76
71 111
71 256
72 104
72 145
72 207
72 230
72 236
73 2
73 22
73 33
73 198
74 116
74 135
74 172
74 190
75 68
75 81
75 172
75 217
75 239
76 163
76 186
76 222
77 12
77 166
77 176
78 18
78 137
78 255
79 132
79 143
79 182
80 32
80 49
80 65
80 175
80 207
81 54
81 61
81 78
81 198
82 2
82 177
82 180
82 208
83 38
83 240
83 241
83 247
83 252
84 202
84 203
84 219
84 229
85 61
85 216
85 235
86 37
86 46
86 100
86 143
86 166
87 52
87 60
87 188
87 236
88 98
88 175
88 242
89 130
89 212
89 246
90 98
90 156
90 206
91 42
91 48
91 96
91 131
91 176
92 163
92 172
92 180
92 183
92 229
93 33
93 47
93 100
93 206
93 207
94 148
94 175
94 227
95 17
95 57
95 132
95 250
96 87
96 175
96 179
97 94
97 147
97 186
97 194
97 200
98 103
98 168
98 173
98 195
99 122
99 154
99 181
100 109
100 119
100 147
101 59
101 195
101 252
102 1
102 148
102 149
103 138
103 160
103 178
103 191
104 20
104 137
104 158
104 235
105 4
105 34
105 121
105 158
106 43
106 192
106 228
107 68
107 151
107 164
107 243
107 255
108 119
108 179
108 192
108 237
109 31
109 142
109 180
109 194
110 5
110 111
110 202
110 205
110 219
111 6
111 123
111 195
111 214
111 252
112 13
112 63
112 207
112 225
112 247
113 84
113 119
113 126
113 225
114 57
114 136
114 174
114 187
115 1
115 17
115 55
115 65
115 183
116 1
116 91
116 104
116 232
117 32
117 55
117 131
117 177
117 231
118 48
118 125
118 225
118 233
118 234
119 144
119 208
119 216
119 233
119 246
120 21
120 161
120 202
120 248
121 153
121 178
121 199
121 256
122 9
122 31
122 67
122 173
122 249
123 154
123 182
123 203
123 240
123 248
124 102
124 133
124 140
124 219
125 60
125 81
125 208
126 43
126 86
126 124
127 7
127 72
127 124
127 185
127 255
128 59
128 130
128 167
129 89
129 163
129 174
130 45
130 54
130 161
130 234
131 54
131 95
131 149
131 242
132 29
132 204
132 228
133 21
133 160
133 177
133 204
133 207
134 80
134 185
134 191
135 9
135 61
135 242
136 58
136 154
136 183
136 236
137 36
137 60
137 209
137 221
138 95
138 168
138 227
138 239
139 58
139 212
139 215
140 82
140 170
140 177
141 4
141 58
141 109
141 125
141 233
142 19
142 60
142 79
142 220
142 231
143 11
143 46
143 56
143 203
144 49
144 105
144 124
145 28
145 87
145 162
145 176
146 59
146 84
146 126
147 20
147 28
147 130
147 169
148 4
148 101
148 130
148 221
149 26
149 135
149 160
149 163
149 182
150 64
150 99
150 131
151 96
151 142
151 173
151 191
151 206
152 64
152 118
152 127
153 41
153 71
153 167
153 197
154 39
154 51
154 112
155 90
155 94
155 234
155 250
156 124
156 211
156 214
157 49
157 211
157 251
158 2
158 52
158 135
158 164
158 222
159 30
159 34
159 119
160 106
160 133
160 152
160 193
160 214
161 84
161 106
161 122
161 145
161 168
162 16
162 57
162 137
162 209
162 256
163 25
163 43
163 220
163 225
164 7
164 90
164 101
164 123
164 189
165 117
165 120
165 175
165 204
166 9
166 20
166 155
166 166
167 36
167 96
167 143
167 185
167 197
168 48
168 81
168 170
168 212
168 230
169 45
169 46
169 110
170 21
170 141
170 158
170 203
171 31
171 164
171 178
171 238
172 93
172 119
172 177
172 215
173 183
173 202
173 210
173 253
174 67
174 68
174 73
174 117
174 194
175 93
175 170
175 182
176 84
176 201
176 227
177 20
177 47
177 54
177 64
177 140
178 64
178 101
178 229
179 34
179 71
179 115
179 133
179 163
180 19
180 119
180 195
180 206
181 31
181 80
181 100
181 244
182 31
182 67
182 206
182 211
182 221
183 17
183 157
183 228
183 255
184 88
184 132
184 142
184 158
184 236
185 43
185 50
185 143
185 156
185 182
186 92
186 147
186 159
187 36
187 66
187 116
187 120
188 23
188 132
188 158
189 142
189 185
189 241
190 74
190 226
190 248
191 63
191 68
191 218
192 15
192 117
192 229
193 34
193 58
193 80
193 91
193 198
194 61
194 108
194 111
195 11
195 27
195 58
195 66
195 200
196 163
196 225
196 255
197 1
197 22
197 247
198 2
198 56
198 113
198 159
199 12
199 179
199 249
200 50
200 52
200 116
200 201
201 23
201 185
201 213
202 53
202 71
202 82
202 95
203 148
203 171
203 249
204 28
204 82
204 161
204 175
205 22
205 75
205 175
205 254
206 2
206 19
206 62
206 169
207 9
207 81
207 136
207 172
207 238
208 17
208 27
208 193
208 220
209 5
209 94
209 184
209 214
210 59
210 215
210 221
211 45
211 46
211 220
212 31
212 70
212 139
212 172
212 227
213 209
213 211
213 215
214 1
214 183
214 185
215 56
215 63
215 146
215 163
216 39
216 43
216 237
216 252
217 52
217 69
217 103
217 129
218 31
218 47
218 218
219 34
219 49
219 57
220 150
220 194
220 205
220 208
221 10
221 35
221 55
221 197
221 211
222 121
222 221
222 222
223 159
223 173
223 223
224 67
224 132
224 175
224 235
225 4
225 154
225 215
225 231
226 7
226 24
226 53
226 94
227 73
227 168
227 225
228 130
228 135
228 171
228 208
228 229
229 60
229 116
229 199
230 29
230 153
230 156
231 20
231 55
231 115
231 159
231 207
232 15
232 28
232 92
232 169
232 255
233 61
233 122
233 135
234 21
234 52
234 69
234 157
234 176
235 52
235 100
235 159
235 188
235 202
236 149
236 198
236 202
236 205
236 234
237 134
237 188
237 209
238 31
238 114
238 217
238 248
239 57
239 172
239 255
240 4
240 91
240 194
240 199
241 47
241 186
241 193
241 228
242 76
242 127
242 132
242 159
242 211
243 63
243 87
243 153
243 154
243 245
244 137
244 181
244 229
245 69
245 71
245 90
245 176
246 30
246 182
246 218
246 240
247 65
247 123
247 151
247 230
248 2
248 28
248 93
249 49
249 142
249 157
249 231
249 245
250 31
250 99
250 176
251 119
251 205
251 221
251 241
252 184
252 196
252 233
253 15
253 49
253 75
253 167
254 3
254 65
254 154
254 177
254 227
255 13
255 63
255 81
255 155
255 219
256 44
256 54
256 101
256 125
256 137
257 273
258 273
259 273
260 273
261 273
262 273
263 273
264 273
265 273
266 273
267 273
268 273
269 273
270 273
271 273
272 273
