# The woods are lovely, dark and deep
# But I have promises to keep
# Size: 131 And miles to go before I sleep
# And miles to go before I sleep
1 76
1 129
1 130
1 131
2 25
2 130
2 131
3 122
3 129
3 130
3 131
4 6
4 129
4 131
5 36
5 129
5 130
5 131
6 41
6 130
6 131
7 52
7 129
7 131
8 72
8 129
8 130
9 11
9 129
9 130
9 131
10 48
10 129
10 130
10 131
11 60
11 130
12 43
12 129
12 130
12 131
13 92
13 129
13 130
13 131
14 31
14 129
14 131
15 5
15 129
15 130
15 131
16 123
16 129
16 130
16 131
17 91
17 130
17 131
18 86
18 129
18 130
18 131
19 32
19 129
19 130
19 131
20 82
20 129
20 130
21 3
21 129
21 131
22 50
22 130
22 131
23 59
23 130
23 131
24 41
24 129
24 130
24 131
25 32
25 129
25 130
25 131
26 37
26 129
26 131
27 81
27 129
27 131
28 90
28 129
28 130
28 131
29 126
29 129
29 130
30 116
30 129
30 130
31 74
31 130
31 131
32 113
32 129
32 130
32 131
33 19
33 130
33 131
34 118
34 130
34 131
35 118
35 129
35 131
36 61
37 52
37 129
37 131
38 6
38 129
38 130
39 117
39 130
39 131
40 47
40 130
41 73
41 129
41 130
41 131
42 128
42 129
42 130
42 131
43 38
43 129
43 130
43 131
44 128
44 129
44 130
44 131
45 127
45 130
46 96
46 131
47 59
47 129
47 131
48 112
48 130
48 131
49 65
49 129
50 127
50 130
51 74
51 129
51 130
52 48
52 130
52 131
53 54
53 129
53 130
53 131
54 95
54 129
54 130
54 131
55 119
55 131
56 108
56 129
56 130
56 131
57 73
57 129
57 130
57 131
58 16
58 129
58 130
58 131
59 91
59 129
59 130
59 131
60 24
60 129
60 131
61 90
61 129
61 130
61 131
62 27
62 129
62 130
62 131
63 30
63 130
63 131
64 46
64 129
64 130
64 131
65 102
65 130
66 82
66 129
66 130
66 131
67 26
67 130
68 96
68 129
68 130
68 131
69 122
69 130
69 131
70 49
70 130
70 131
71 35
71 131
72 96
72 129
72 130
72 131
73 93
73 129
73 130
73 131
74 39
74 130
74 131
75 124
75 129
75 131
76 40
76 129
76 130
76 131
77 56
77 129
77 130
77 131
78 99
78 130
78 131
79 32
79 130
79 131
80 58
80 130
80 131
81 33
81 130
82 82
82 129
82 130
83 44
83 129
83 130
83 131
84 18
84 129
84 130
85 112
85 129
85 130
86 55
86 129
86 130
86 131
87 114
87 129
87 131
88 5
88 131
89 90
89 129
89 130
89 131
90 7
90 129
90 130
91 4
92 76
92 129
93 30
93 129
93 131
94 14
94 129
94 130
94 131
95 96
95 129
95 130
95 131
96 79
96 129
96 130
97 123
97 129
97 130
97 131
98 19
98 130
99 10
99 129
99 130
100 40
100 130
101 20
101 130
101 131
102 41
102 129
102 130
102 131
103 62
103 130
103 131
104 60
104 129
104 131
105 17
105 129
105 131
106 14
106 131
107 102
108 81
108 129
108 130
109 84
109 129
109 131
110 57
110 129
110 131
111 101
111 129
112 85
112 129
112 130
113 14
113 129
113 131
114 88
114 129
114 130
114 131
115 92
115 129
115 130
115 131
116 25
116 129
116 130
116 131
117 13
117 129
117 130
117 131
118 28
118 129
118 131
119 19
119 129
119 130
119 131
120 90
120 129
120 131
121 113
121 129
121 130
122 77
122 129
122 130
123 67
123 130
123 131
124 5
124 129
124 130
124 131
125 27
125 130
125 131
126 23
126 130
126 131
127 54
127 129
127 130
127 131
128 47
128 129
128 130
129 1
129 2
129 8
129 10
129 14
129 22
129 23
129 31
129 32
129 42
129 43
129 56
129 62
129 63
129 72
129 73
129 78
129 79
129 80
129 82
129 85
129 89
129 93
129 99
129 103
129 104
129 106
129 107
129 111
129 114
129 117
129 119
129 121
129 122
129 126
130 1
130 5
130 6
130 7
130 8
130 11
130 18
130 19
130 22
130 23
130 28
130 30
130 34
130 36
130 41
130 43
130 47
130 48
130 52
130 57
130 61
130 64
130 65
130 70
130 76
130 84
130 85
130 86
130 93
130 95
130 99
130 100
130 109
130 114
130 116
130 119
130 124
130 130
131 6
131 10
131 14
131 17
131 25
131 30
131 31
131 40
131 42
131 47
131 60
131 63
131 71
131 86
131 95
131 96
131 99
131 102
131 103
131 104
131 107
131 108
131 109
131 115
131 117
131 125
131 127
131 129
